10.54 25 3.375 0.053
10.54 61 1.968 0.559
10.78 25 3.379 0.041
11.02 61 1.94 0.563
11.3 61 1.957 0.557
11.56 25 3.303 0.051
11.56 41 3.037 0.548
11.56 61 1.908 0.567
12.04 25 3.27 0.051
12.04 41 3.009 0.557
12.04 61 1.888 0.571
12.52 25 3.231 0.043
12.52 41 2.973 0.562
12.76 25 3.201 0.051
12.76 41 2.966 0.563
13.24 25 3.198 0.057
13.24 41 2.917 0.567
13.72 25 3.136 0.057
13.72 41 2.889 0.563
13.96 25 3.129 0.057
13.96 41 2.863 0.561
14.88 25 3.065 0.055
14.88 41 2.806 0.548
15.36 25 3.036 0.058
15.36 41 2.757 0.55
15.6 25 3.033 0.06
15.6 41 2.754 0.549
15.84 25 3.033 0.05
15.84 41 2.73 0.545
16.08 25 2.993 0.065
16.08 41 2.699 0.55
16.32 41 2.681 0.545
16.56 41 2.665 0.546
17.04 41 2.619 0.54
17.5 25 2.944 0.051
17.74 41 2.581 0.537
17.9 41 2.581 0.537
18.04 41 2.581 0.537
18.32 25 2.821 0.15
18.62 25 2.825 0.154
19.08 25 2.785 0.159
19.32 25 2.78 0.145
19.56 25 2.727 0.163
19.8 25 2.705 0.219
20.26 25 2.654 0.259
20.74 25 2.618 0.261
21.22 25 2.576 0.256
21.46 25 2.556 0.276
21.7 25 2.497 0.348
21.92 25 2.489 0.349
22.16 25 2.454 0.357
22.4 25 2.462 0.359
22.64 25 2.436 0.361
22.88 25 2.412 0.365
23.36 25 2.307 0.453
24.06 25 2.27 0.465
24.3 25 2.25 0.467
24.54 25 2.232 0.47
24.78 25 2.171 0.513
25.02 25 2.113 0.554
25.26 25 2.109 0.554
25.54 25 2.09 0.559
25.78 25 2.087 0.559
26.02 25 2.049 0.564
26.78 9 1.594 -0.094
27.02 9 1.586 -0.091
27.26 9 1.56 -0.093
27.5 16 4.084 -0.195
28.2 16 4.065 -0.106
28.2 9 1.496 -0.065
28.7 16 3.993 -0.103
28.94 9 1.453 -0.011
29.18 16 3.973 -0.102
29.42 9 1.413 -0.011
29.66 9 1.389 0.044
30.14 9 1.374 0.083
31.08 9 1.25 0.335
31.32 9 1.184 0.466
31.54 16 3.458 0.506
32 14 2.332 -0.051
32.72 14 2.28 0.135
32.96 14 2.23 0.212
33.2 18 4.688 -0.096
33.2 14 2.198 0.273
33.44 14 2.138 0.345
33.66 18 4.677 -0.018
33.66 90 3.249 0.346
33.66 14 2.094 0.376
33.9 18 4.677 -0.016
33.9 90 3.231 0.348
33.9 14 2.08 0.387
34.14 18 4.658 -0.016
34.14 90 3.219 0.35
34.14 14 2.054 0.398
34.42 14 2.04 0.409
34.68 14 2.011 0.423
34.94 14 1.99 0.435
35.18 14 1.965 0.452
35.44 18 4.541 -0.013
35.44 7 6.06 0.564
35.68 14 1.927 0.479
36.2 18 4.51 -0.016
36.2 45 6.329 0.303
36.2 90 3.078 0.375
36.2 14 1.898 0.494
36.44 18 4.53 -0.011
36.44 90 3.051 0.376
36.44 14 1.879 0.508
36.68 90 3.027 0.379
36.68 14 1.854 0.519
36.92 14 1.848 0.533
37.16 90 3.037 0.372
37.4 90 3.044 0.343
37.68 18 4.393 -0.129
37.68 90 3.074 0.273
37.68 14 1.883 0.455
37.92 45 6.473 0.155
37.92 90 3.095 0.236
37.92 14 1.896 0.423
38.16 14 1.903 0.396
38.38 90 3.076 0.197
38.38 14 1.895 0.402
38.66 14 1.881 0.418
38.9 14 1.871 0.418
39.36 14 1.859 0.433
39.6 90 3.007 0.195
39.6 14 1.837 0.453
39.84 5 3.267 0.396
40.06 14 1.816 0.472
40.54 90 2.915 0.211
41.02 5 3.096 0.426
41.02 14 1.749 0.507
41.48 45 6.329 0.123
41.72 90 2.838 0.213
41.72 14 1.709 0.537
42.18 90 2.811 0.214
42.18 14 1.685 0.555
42.42 5 2.944 0.439
42.66 14 1.665 0.565
43.58 5 2.832 0.453
44.06 5 2.754 0.463
44.28 5 2.73 0.471
44.52 90 2.611 0.304
45 45 6.06 0.219
45 90 2.595 0.324
45 7 5.585 0.498
45 5 2.504 0.572
45.5 63 4.142 0.444
46.22 90 2.525 0.348
46.48 63 3.973 0.514
46.72 90 2.453 0.41
46.72 63 3.973 0.521
46.96 18 3.812 -0.07
46.96 45 5.813 0.3
46.96 90 2.416 0.414
47.2 18 3.781 -0.068
47.2 45 5.813 0.299
47.2 90 2.416 0.418
47.68 18 3.768 -0.033
47.68 90 2.362 0.452
47.92 90 2.289 0.508
48.16 18 3.72 0.023
48.16 90 2.25 0.522
48.4 18 3.72 0.024
48.4 45 5.585 0.388
48.4 90 2.238 0.525
48.66 90 2.23 0.527
48.9 18 3.674 0.109
49.14 18 3.658 0.127
49.36 45 5.376 0.491
49.6 45 5.277 0.493
49.82 18 3.584 0.161
50.06 18 3.564 0.204
50.3 18 3.536 0.212
50.54 18 3.536 0.214
51.54 18 3.388 0.299
52 18 3.34 0.315
52.48 18 3.267 0.368
52.74 18 3.198 0.403
53.24 18 3.162 0.412
53.7 18 3.063 0.49
53.92 18 3.038 0.501
54.38 18 3.003 0.496
54.62 18 2.974 0.511
54.84 18 2.859 0.572
91.6 36 3.768 -0.078
92.52 36 3.72 -0.043
93.68 36 3.643 0.038
93.92 36 3.628 0.048
94.14 36 3.584 0.076
94.38 36 3.584 0.083
94.9 36 3.513 0.102
95.36 36 3.502 0.095
95.84 36 3.442 0.1
97.24 36 3.379 0.115
97.46 36 3.344 0.117
99.36 36 3.2 0.109
99.6 36 3.17 0.109
99.84 36 3.167 0.117
100.06 36 3.129 0.132
100.3 36 3.129 0.144
100.76 36 3.096 0.132
101 36 3.079 0.139
101.24 36 3.075 0.145
101.46 36 3.038 0.147
101.7 36 3.033 0.144
101.92 36 3.011 0.139
102.4 36 2.973 0.14
103.1 36 2.916 0.164
103.34 36 2.912 0.166
103.8 36 2.851 0.17
104.26 36 2.834 0.173
104.96 36 2.765 0.179
105.44 36 2.754 0.167
105.9 36 2.702 0.185
106.14 36 2.694 0.188
106.6 36 2.664 0.195
107.54 36 2.611 0.195
108 36 2.576 0.196
108.48 36 2.554 0.187
109.44 36 2.463 0.2
110.14 36 2.421 0.21
110.6 36 2.407 0.205
111.08 36 2.358 0.216
111.32 36 2.347 0.216
111.54 36 2.344 0.21
111.78 36 2.332 0.212
112.72 36 2.252 0.231
113.18 36 2.238 0.224
113.42 36 2.203 0.24
114.12 36 2.183 0.221
114.58 36 2.138 0.233
114.82 36 2.129 0.234
115.04 36 2.097 0.251
115.28 36 2.084 0.246
115.76 36 2.043 0.253
116.22 36 2.011 0.263
116.68 36 1.972 0.264
117.14 36 1.957 0.254
117.62 36 1.931 0.257
117.84 36 1.902 0.276
118.54 36 1.856 0.281
119.06 36 1.807 0.288
119.52 36 1.783 0.296
122.08 36 1.591 0.568
122.32 36 1.604 0.545
122.54 36 1.655 0.478
123.24 36 1.749 0.324
123.48 36 1.785 0.258
123.7 36 1.795 0.206
123.92 36 1.813 0.141
124.16 36 1.826 0.077
124.38 36 1.832 0.022
127 36 1.824 0.127
127.24 36 1.821 0.129
127.48 36 1.827 0.112
127.74 36 1.826 0.083
138.04 81 1.927 0.362
138.94 81 1.951 0.28
139.2 90 4.916 0.202
139.44 90 4.833 0.214
139.68 81 1.865 0.271
139.9 81 1.848 0.278
140.14 90 4.833 0.208
140.62 81 1.806 0.27
140.84 81 1.785 0.287
141.08 81 1.773 0.273
141.56 90 4.684 0.214
142.04 81 1.697 0.287
142.5 18 5.277 -0.156
142.5 90 4.602 0.22
142.5 81 1.664 0.299
142.5 14 5.813 0.462
142.74 81 1.65 0.309
143.22 81 1.615 0.323
143.7 90 4.578 0.222
143.7 14 5.697 0.475
144.16 14 5.697 0.483
144.64 81 1.517 0.347
145.1 90 4.46 0.22
145.1 81 1.487 0.33
145.34 14 5.697 0.488
145.56 81 1.457 0.321
146.28 90 4.347 0.214
146.98 90 4.327 0.22
147.46 90 4.327 0.212
147.68 14 5.585 0.523
147.92 81 1.269 0.42
148.64 18 4.833 0.128
148.64 90 3.817 0.541
148.9 18 4.754 0.207
149.36 18 4.677 0.323
149.82 18 4.46 0.418
150.06 18 4.393 0.458
153.06 18 4.056 0.521
157.46 18 3.768 0.556
158.14 18 3.72 0.559
159.12 18 3.817 0.466
159.58 18 3.919 0.393
160.98 18 3.925 0.315
161.44 18 3.919 0.309
161.92 18 3.906 0.304
162.14 18 3.868 0.316
162.38 18 3.919 0.232
162.62 18 3.919 0.224
164.26 63 4.754 0.549
164.96 63 4.754 0.55
165.66 63 4.916 0.472
166.12 18 3.817 0.057
166.12 63 4.916 0.473
166.36 18 3.768 0.063
166.58 18 3.784 0.005
166.82 18 3.738 -0.03
166.82 63 5.036 0.384
167.06 18 3.768 -0.039
167.06 63 5.001 0.382
167.78 18 3.72 -0.039
167.78 90 3.065 0.523
168.76 63 5.09 0.296
169.22 18 3.628 -0.127
169.22 90 3.096 0.448
170.16 63 5.09 0.208
170.62 63 5.001 0.196
171.1 63 5.001 0.128
171.32 63 5.09 0.122
171.56 63 5.001 0.121
171.8 63 4.964 0.119
172.26 63 5.001 0.115
172.72 90 3.096 0.205
173.44 90 3.086 0.172
173.68 90 3.065 0.181
174.62 90 3.036 0.098
174.86 63 4.833 -0.068
174.86 16 4.028 0.508
175.1 90 2.996 0.091
175.1 16 3.973 0.519
175.34 90 3.003 0.039
175.58 63 4.754 -0.158
175.58 90 2.98 0.001
175.58 16 4.172 0.422
175.82 63 4.754 -0.174
175.82 90 2.961 -0.009
175.82 16 4.142 0.412
175.82 14 4.602 0.559
176.06 63 4.677 -0.172
176.06 90 2.939 -0.009
176.06 16 4.113 0.419
176.06 14 4.592 0.563
176.3 16 4.162 0.423
176.54 63 4.677 -0.168
176.54 90 2.914 -0.01
176.54 16 4.084 0.417
176.78 90 2.887 0.003
177.02 14 4.754 0.494
177.26 16 4.264 0.327
177.5 90 2.829 -0.107
177.5 16 4.209 0.332
177.5 14 4.677 0.491
177.98 16 4.202 0.349
177.98 14 4.602 0.496
178.22 16 4.202 0.26
178.46 14 4.754 0.419
178.98 16 4.142 0.243
179.22 16 4.101 0.259
179.44 16 4.202 0.203
179.68 14 4.754 0.361
179.92 16 4.151 0.18
179.92 14 4.623 0.365
180.16 14 4.617 0.366
180.4 16 4.113 0.18
180.62 16 4.142 0.149
180.86 16 4.202 0.079
181.1 14 4.611 0.288
181.34 16 4.084 0.097
181.82 16 4.028 0.085
182.28 16 4.028 0.017
182.52 14 4.53 0.222
183.46 14 4.53 0.135
183.7 14 4.393 0.144
184.92 14 4.327 0.066
184.92 9 2.012 0.562
185.42 16 3.817 -0.168
185.42 9 1.986 0.565
185.66 9 1.995 0.567
185.9 9 1.96 0.568
186.14 9 1.981 0.534
186.38 16 3.674 -0.274
186.38 14 4.202 -0.021
186.38 9 2.004 0.503
186.62 14 4.142 -0.028
186.62 9 1.986 0.502
186.86 14 4.142 -0.031
186.86 9 1.974 0.503
187.1 14 4.142 -0.024
187.1 9 1.957 0.507
187.34 9 1.949 0.504
187.6 9 1.987 0.438
187.6 25 3.231 0.543
188.32 14 3.973 -0.106
188.32 9 1.946 0.442
188.32 25 3.231 0.531
188.6 25 3.208 0.532
188.84 41 1.111 0.512
189.08 9 1.946 0.369
189.32 23 3.267 0.461
189.56 23 3.231 0.458
189.8 9 1.91 0.37
190.04 9 1.925 0.311
190.28 9 1.92 0.298
190.52 9 1.901 0.29
190.76 9 1.86 0.366
191.46 14 3.674 0.072
191.92 16 3.431 -0.096
191.92 14 3.562 0.214
192.16 14 3.478 0.266
192.4 14 3.379 0.339
192.64 16 3.418 0.07
192.86 16 3.372 0.138
193.1 14 3.129 0.506
193.34 14 3.021 0.552
193.58 16 3.231 0.275
193.8 16 3.231 0.28
194.04 16 3.196 0.3
194.28 16 3.196 0.296
194.98 16 3.133 0.286
195.46 16 3.106 0.286
195.7 16 3.102 0.292
195.92 16 3.096 0.308
196.16 16 3.067 0.294
196.64 16 3.042 0.295
197.1 16 3.007 0.3
197.34 16 2.985 0.302
197.58 16 2.961 0.301
197.8 16 2.944 0.309
198.04 16 3.025 0.205
198.52 16 2.985 0.21
198.52 14 2.618 0.567
198.78 16 3.003 0.217
199.02 16 2.953 0.291
199.26 16 2.949 0.293
199.52 16 2.948 0.293
199.76 16 2.948 0.293
200 16 2.939 0.293
200.46 16 2.885 0.362
200.7 16 2.832 0.415
200.94 16 2.771 0.432
201.64 16 2.834 0.367
202.12 16 2.786 0.409
202.36 16 2.716 0.458
202.6 16 2.62 0.53
202.82 16 2.611 0.544
203.3 16 2.563 0.535
203.54 16 2.56 0.531
203.78 16 2.705 0.448
204.02 16 2.62 0.469
204.24 16 2.57 0.512
217.82 18 2.295 -0.164
218.04 18 2.293 -0.113
218.28 18 2.286 -0.06
218.52 18 2.277 -0.011
219.02 18 2.235 0.03
219.48 18 2.205 0.036
220.18 18 2.158 0.035
220.66 18 2.123 0.039
221.12 18 2.087 0.035
221.6 18 2.058 0.034
221.82 18 2.044 0.035
222.06 18 2.034 0.034
222.28 18 2.022 0.024
223 18 1.971 0.04
223.46 18 1.932 0.044
224.16 18 1.888 0.045
224.62 18 1.864 0.045
225.08 18 1.848 0.016
225.32 18 1.822 0.045
226.24 18 1.774 -0.041
226.5 18 1.757 -0.041
226.72 18 1.735 -0.038
226.96 18 1.718 -0.069
227.42 45 3.44 0.557
227.66 45 3.399 0.563
228.36 45 3.548 0.478
228.86 45 3.522 0.479
229.32 45 3.584 0.431
229.8 45 3.594 0.404
230.02 45 3.584 0.407
230.5 45 3.584 0.376
232.14 45 3.584 0.235
232.82 45 3.584 0.239
233.06 45 3.606 0.181
233.52 45 3.584 0.154
234.22 7 3.628 0.519
234.92 45 3.541 0.072
234.92 7 3.562 0.518
235.18 45 3.541 0.03
235.9 7 3.674 0.439
236.12 45 3.458 -0.02
238.06 63 2.053 0.438
238.3 63 2.031 0.425
239.74 7 3.756 0.203
239.74 63 2.024 0.353
239.96 7 3.768 0.191
239.96 63 2.035 0.336
240.2 7 3.72 0.203
240.2 63 2 0.355
240.9 7 3.768 0.13
240.9 63 2.026 0.302
241.14 7 3.674 0.109
241.6 7 3.72 0.119
241.6 63 1.997 0.278
242.06 63 2.003 0.187
242.52 63 1.974 0.198
242.76 7 3.674 0.03
243 63 1.954 0.207
243.22 7 3.628 -0.055
243.46 7 3.628 -0.054
243.46 63 1.957 0.117
243.7 7 3.628 -0.054
243.7 63 1.952 0.124
244.4 63 1.905 0.115
244.88 63 1.899 0.033
245.38 7 3.506 -0.145
245.38 63 1.88 0.03
245.62 7 3.53 -0.135
245.62 63 1.865 0.033
245.84 7 3.484 -0.15
245.84 63 1.857 0.03
246.08 63 1.848 0.014
246.32 63 1.837 -0.024
246.54 63 1.826 -0.039
247.02 63 1.8 -0.067
247.52 63 1.788 -0.058
247.74 63 1.766 -0.078
247.98 41 2.135 0.565
248.22 63 1.746 -0.114
248.22 41 2.112 0.56
248.46 41 2.123 0.553
248.74 41 2.086 0.551
248.96 41 2.094 0.546
249.2 41 2.075 0.552
249.44 41 2.123 0.472
249.66 41 2.114 0.474
249.9 41 2.093 0.472
250.14 41 2.056 0.47
250.38 41 2.067 0.466
250.62 41 2.004 0.481
250.86 41 2.026 0.438
251.1 41 2.024 0.406
251.34 41 2.004 0.401
251.56 41 1.98 0.407
251.8 41 1.956 0.408
252.04 41 1.929 0.411
252.5 41 1.934 0.338
252.74 41 1.898 0.343
252.98 41 1.873 0.35
253.22 41 1.849 0.352
253.46 41 1.828 0.357
253.7 41 1.816 0.353
253.92 41 1.779 0.351
254.16 41 1.795 0.289
254.4 41 1.786 0.297
254.64 41 1.744 0.298
254.88 41 1.731 0.299
255.12 41 1.699 0.31
255.34 41 1.67 0.317
255.58 41 1.658 0.304
255.82 41 1.656 0.261
256.06 41 1.617 0.281
256.3 41 1.593 0.276
256.54 41 1.563 0.275
256.76 41 1.549 0.244
257 41 1.537 0.247
257.24 41 1.507 0.239
257.72 41 1.448 0.242
258.44 41 1.387 0.206
258.96 41 1.319 0.21
259.2 41 1.296 0.202
259.44 41 1.247 0.222
259.68 41 1.227 0.221
262.28 16 2.042 0.57
262.52 16 2.138 0.472
262.74 16 2.213 0.356
262.98 16 2.131 0.446
263.22 16 2.013 0.556
274 16 2.003 0.562
274.22 16 1.999 0.562
274.48 16 1.997 0.562
274.7 16 1.997 0.562
274.94 16 1.995 0.564
275.18 16 2 0.564
275.4 16 1.995 0.564
277.26 16 2.063 0.504
277.48 16 2.129 0.44
277.72 16 2.12 0.439
277.96 16 2.12 0.446
278.18 16 2.089 0.473
278.42 16 2.025 0.539
278.68 16 1.992 0.571
279.36 16 2.015 0.546
279.58 16 2.12 0.452
279.82 16 2.245 0.267
280.04 23 1.519 0.521
280.28 23 1.489 0.544
280.52 16 2.223 0.288
280.74 16 2.158 0.366
280.98 16 2.163 0.377
281.2 16 2.16 0.378
281.44 16 2.099 0.432
281.66 16 2.046 0.479
281.9 16 2.006 0.512
282.12 16 1.975 0.538
282.58 16 1.956 0.545
282.82 16 1.941 0.548
283.06 16 1.951 0.545
283.28 16 1.915 0.553
283.52 16 1.902 0.556
283.76 16 1.881 0.556
283.98 16 1.876 0.558
284.22 16 1.856 0.558
284.44 16 1.844 0.562
284.68 16 1.834 0.563
284.92 16 1.834 0.562
285.16 16 1.808 0.565
285.38 16 1.796 0.568
285.62 16 1.791 0.57
288.68 16 1.722 0.531
288.92 16 1.768 0.47
289.14 16 1.761 0.493
289.6 16 1.757 0.417
290.3 16 1.823 0.26
290.54 23 1.14 0.542
290.98 23 1.166 0.387
291.22 25 3.868 0.529
291.68 25 4.142 0.335
292.14 25 4.202 0.323
292.36 25 4.162 0.323
292.6 25 4.162 0.319
292.82 25 4.123 0.333
293.06 25 4.202 0.26
293.52 25 4.264 0.098
305.88 41 1.318 0.402
306.36 81 3.267 0.287
308.9 81 3.096 0.309
309.36 36 6.782 0.143
310.48 81 3.129 0.105
311.16 41 1.476 0.246
311.62 41 1.476 0.247
312.06 41 1.465 0.235
312.52 81 3.007 -0.009
312.98 81 3.003 -0.021
313.44 81 2.955 -0.018
315 81 2.872 0.01
315.68 41 1.369 0.211
316.14 41 1.367 0.213
316.36 81 2.806 -0.006
319.12 81 2.611 0.005
319.58 81 2.567 0.012
320.76 81 2.483 0.019
337 81 2.35 -0.021
337.24 81 2.368 0.002
337.46 81 2.35 -0.022
341.86 81 2.109 0.041
346.68 81 1.756 0.077
347.14 81 1.72 0.089
347.84 81 1.673 0.074
351.8 81 1.318 0.393
352.04 81 1.271 0.475
352.5 36 4.677 0.409
353.44 61 3.231 -0.158
353.68 54 5.376 0.03
354.16 61 3.231 0.004
354.4 70 3.674 0.353
354.64 27 7.017 -0.032
354.64 61 3.196 -0.003
354.64 70 3.67 0.351
354.88 27 6.948 -0.028
354.88 70 3.632 0.352
355.12 61 3.162 -0.002
355.12 70 3.625 0.355
355.36 61 3.162 -0.003
355.36 54 5.277 0.118
355.36 70 3.628 0.346
355.6 54 5.277 0.11
356.52 70 3.72 0.108
356.98 70 3.72 0.011
358.16 70 3.599 -0.062
358.38 36 4.393 0.404
359.1 70 3.541 0.044
359.34 70 3.584 0.06
359.82 36 4.028 0.561
360.04 36 4.028 0.561
360.28 36 4 0.555
360.5 36 3.95 0.561
361.64 36 3.965 0.566
361.88 36 3.94 0.565
362.1 36 3.927 0.565
362.34 36 3.931 0.565
362.56 36 3.933 0.565
362.78 36 3.936 0.565
363.02 36 3.942 0.565
363.24 36 3.935 0.565
363.48 36 3.942 0.565
363.7 70 3.386 0.079
363.7 36 3.935 0.565
363.94 54 4.833 -0.172
363.94 36 3.935 0.565
364.16 36 3.935 0.565
364.4 54 4.833 -0.172
364.42 70 3.388 0.078
364.42 36 3.935 0.565
364.66 54 4.833 -0.172
364.66 70 3.388 0.077
364.66 36 3.936 0.565
364.9 54 4.833 -0.172
364.9 70 3.386 0.077
364.9 36 3.937 0.565
365.14 54 4.833 -0.172
365.14 70 3.39 0.077
365.14 36 3.931 0.565
365.4 54 4.833 -0.172
365.4 70 3.385 0.078
365.4 36 3.94 0.565
365.62 54 4.833 -0.172
365.62 70 3.388 0.077
365.62 36 3.942 0.565
365.86 54 4.833 -0.172
365.86 70 3.388 0.077
365.86 36 3.938 0.565
366.1 54 4.916 -0.172
366.1 70 3.39 0.077
366.1 36 3.936 0.565
366.34 54 4.833 -0.172
366.34 70 3.386 0.077
366.34 36 3.936 0.565
366.56 54 4.833 -0.172
366.56 70 3.388 0.077
366.56 36 3.933 0.565
366.8 36 3.935 0.565
367.04 54 4.916 -0.172
367.04 70 3.385 0.079
367.04 36 3.936 0.565
367.28 70 3.402 0.08
367.28 36 3.924 0.567
367.76 36 3.919 0.564
368 36 3.885 0.566
369.92 70 3.22 0.084
370.16 70 3.202 0.083
370.62 70 3.167 0.081
371.1 70 3.139 0.091
371.32 70 3.137 0.085
371.56 70 3.133 0.079
371.8 70 3.131 0.079
372.04 70 3.105 0.079
372.28 70 3.105 0.083
372.74 70 3.127 0.086
372.98 70 3.103 0.083
373.22 70 3.099 0.081
373.46 70 3.101 0.084
373.68 70 3.073 0.09
374.16 70 3.066 0.087
374.4 70 3.062 0.086
374.62 70 3.053 0.084
374.86 70 3.06 0.083
375.1 70 3.04 0.089
375.8 70 2.895 0.305
376.04 70 2.811 0.385
376.26 70 2.681 0.511
376.5 70 2.623 0.545
376.74 70 2.591 0.559
376.98 54 4.335 0.279
376.98 70 2.586 0.561
377.22 27 6.191 0.121
377.22 70 2.579 0.561
377.46 54 4.318 0.272
377.46 70 2.569 0.562
377.7 54 4.308 0.278
377.7 70 2.561 0.563
377.92 70 2.584 0.557
378.16 70 2.546 0.563
378.4 70 2.543 0.563
378.68 54 4.285 0.267
378.68 70 2.538 0.564
378.92 27 6.06 0.118
378.92 70 2.52 0.565
379.16 54 4.327 0.265
379.16 70 2.52 0.565
379.4 70 2.507 0.565
379.62 27 6.06 0.114
379.62 70 2.511 0.566
379.86 54 4.214 0.279
379.86 70 2.496 0.567
380.08 70 2.492 0.565
380.32 27 6.06 0.111
380.32 70 2.501 0.565
380.56 54 4.202 0.269
380.56 70 2.495 0.567
380.8 70 2.496 0.566
381.04 54 4.233 0.269
381.04 70 2.493 0.567
381.28 70 2.48 0.567
381.52 54 4.202 0.278
381.52 70 2.466 0.569
381.76 54 4.202 0.271
381.76 70 2.467 0.57
382 70 2.463 0.572
382.24 54 4.222 0.263
382.24 70 2.452 0.568
382.48 54 4.152 0.275
382.48 70 2.45 0.57
382.7 54 4.148 0.279
382.7 70 2.443 0.572
382.94 54 4.142 0.277
382.94 70 2.443 0.572
383.2 70 2.443 0.572
383.42 54 4.092 0.281
383.66 54 4.084 0.286
383.9 54 4.084 0.286
384.38 61 2.106 0.087
384.38 54 4.08 0.28
384.62 61 2.104 0.088
384.86 54 4.073 0.287
385.1 54 4.032 0.283
385.34 54 4.084 0.285
385.56 61 2.084 0.067
385.56 54 4.084 0.284
385.8 54 4.028 0.285
386.04 54 4.028 0.29
386.28 54 4.028 0.288
386.52 54 4.028 0.283
386.76 61 2.04 0.107
386.98 61 2.018 0.106
387.22 72 5.697 0.068
387.46 61 1.998 0.181
387.7 54 3.893 0.362
387.94 54 3.88 0.366
388.18 54 3.885 0.366
388.4 54 3.88 0.372
388.68 54 3.825 0.376
388.92 54 3.868 0.366
389.16 54 3.817 0.372
389.4 54 3.678 0.476
389.64 54 3.676 0.481
389.88 54 3.676 0.482
390.12 54 3.679 0.481
390.36 54 3.658 0.478
390.58 54 3.628 0.481
390.82 54 3.639 0.477
391.06 54 3.513 0.543
391.3 54 3.49 0.558
391.54 72 5.376 0.242
391.54 54 3.435 0.563
391.78 54 3.469 0.567
392.02 61 1.72 0.384
392.02 54 3.422 0.567
392.26 54 3.428 0.566
392.48 54 3.418 0.569
392.72 61 1.648 0.458
392.96 61 1.63 0.476
393.2 72 5.189 0.337
393.2 61 1.619 0.481
393.52 61 1.606 0.485
393.76 72 5.193 0.339
393.76 61 1.597 0.49
394 61 1.578 0.496
394.24 61 1.545 0.538
394.48 72 5.001 0.437
394.48 61 1.514 0.571
394.72 61 1.51 0.571
394.96 72 4.954 0.438
395.2 27 4.78 0.571
395.44 72 4.916 0.444
395.7 72 4.958 0.443
395.98 72 4.813 0.487
396.24 72 4.749 0.524
396.48 72 4.687 0.53
396.72 72 4.694 0.53
396.96 72 4.732 0.532
397.2 72 4.677 0.535
397.42 72 4.53 0.571
400.06 25 1.599 -0.266
400.56 25 1.576 -0.198
400.82 25 1.579 -0.179
401.04 25 1.572 -0.183
401.52 25 1.524 -0.169
401.76 25 1.564 -0.09
402 25 1.534 -0.103
402.22 25 1.505 -0.116
402.46 25 1.483 -0.137
402.7 25 1.48 -0.127
402.94 25 1.463 -0.111
403.18 25 1.459 -0.051
403.4 25 1.462 -0.012
403.64 25 1.439 -0.044
403.88 25 1.426 -0.045
404.12 25 1.411 -0.035
404.36 25 1.407 -0.005
404.6 25 1.393 0.035
405.3 25 1.369 0.054
405.78 25 1.353 0.051
406.02 25 1.337 0.052
406.24 25 1.321 0.09
406.48 25 1.296 0.133
406.72 25 1.29 0.137
407.44 25 1.226 0.226
407.68 25 1.22 0.228
407.9 25 1.2 0.241
408.14 25 1.187 0.244
408.4 25 1.173 0.249
408.66 25 1.146 0.289
408.9 25 1.124 0.342
409.14 25 1.116 0.352
409.38 25 1.111 0.323
409.62 25 1.107 0.315
423.26 16 2.634 -0.185
423.72 16 2.634 0.021
423.94 16 2.611 0.094
424.18 16 2.581 0.177
424.42 16 2.496 0.308
424.66 16 2.428 0.385
424.9 16 2.297 0.511
425.36 90 3.214 -0.081
425.6 90 3.196 0.042
425.84 18 4.833 -0.062
426.06 90 3.129 0.211
426.06 41 2.246 0.422
426.3 90 3.089 0.236
426.3 63 4.028 0.565
426.52 41 2.244 0.384
426.76 90 3.106 0.125
426.76 63 4.214 0.458
427.22 41 2.332 0.187
427.22 7 5.479 0.498
427.46 63 4.46 0.286
427.7 5 3.628 -0.079
427.7 45 6.329 0.117
427.92 41 2.314 0.01
428.16 41 2.297 -0.028
428.16 45 6.329 0.039
428.38 41 2.273 -0.08
428.38 16 2.132 0.567
428.68 41 2.267 -0.09
428.68 45 6.349 -0.001
428.68 63 4.602 0.097
428.68 16 2.133 0.566
428.92 41 2.246 -0.098
428.92 63 4.46 0.109
428.92 7 5.839 0.284
428.92 16 2.12 0.568
429.16 41 2.232 -0.105
429.16 63 4.53 0.122
429.16 16 2.115 0.569
429.4 16 2.094 0.569
429.62 16 2.102 0.571
430.1 16 2.092 0.57
430.32 45 6.329 -0.008
430.32 16 2.084 0.569
430.56 63 4.46 0.106
430.8 63 4.455 0.109
431.02 7 5.813 0.28
431.26 63 4.455 0.115
431.5 63 4.415 0.114
431.72 5 3.379 -0.162
431.72 63 4.433 0.108
431.96 63 4.393 0.107
432.2 63 4.393 0.111
432.66 63 4.34 0.113
432.9 5 3.291 -0.142
432.9 7 5.697 0.284
433.12 63 4.36 0.117
433.36 63 4.327 0.115
433.6 63 4.327 0.116
433.82 63 4.334 0.113
434.3 5 3.176 -0.115
434.3 7 5.585 0.289
434.52 7 5.585 0.292
434.76 63 4.271 0.119
434.76 7 5.585 0.294
435 7 5.585 0.286
435.22 63 4.236 0.113
435.22 7 5.585 0.283
435.46 63 4.24 0.112
435.46 7 5.585 0.288
435.7 7 5.585 0.284
435.92 63 4.238 0.113
435.92 7 5.585 0.29
436.16 7 5.479 0.292
436.4 63 4.168 0.199
436.64 5 3.003 0.023
436.64 7 5.376 0.383
436.86 63 4.139 0.208
437.1 5 2.946 0.028
437.1 7 5.376 0.376
437.32 63 4.084 0.211
437.34 7 5.277 0.389
437.56 90 2.667 -0.167
437.56 5 2.921 0.039
437.56 63 4.084 0.208
437.8 5 2.915 0.049
438.26 63 3.981 0.291
438.26 7 5.135 0.47
438.5 90 2.649 -0.083
438.5 5 2.821 0.155
438.5 63 3.994 0.303
438.5 7 5.126 0.475
438.76 5 2.806 0.159
438.76 7 5.09 0.477
439 90 2.641 -0.082
439 5 2.795 0.173
439 63 4.028 0.296
439 7 5.182 0.478
439.24 90 2.639 -0.078
439.24 5 2.78 0.178
439.24 63 3.973 0.309
439.24 7 5.09 0.484
439.48 90 2.652 -0.078
439.48 5 2.782 0.183
439.48 63 3.973 0.309
439.48 7 5.09 0.482
439.74 90 2.639 -0.077
439.74 5 2.754 0.189
439.74 63 3.973 0.309
439.74 7 5.09 0.483
439.98 90 2.651 -0.077
439.98 5 2.754 0.195
439.98 63 3.991 0.308
439.98 7 5.182 0.478
440.22 90 2.649 -0.076
440.22 5 2.742 0.205
440.22 63 3.973 0.31
440.22 7 5.09 0.481
440.46 90 2.653 -0.07
440.46 45 5.813 0.189
440.46 5 2.732 0.215
440.46 63 4.028 0.305
440.46 7 5.182 0.486
440.7 5 2.721 0.218
440.94 63 3.973 0.3
441.4 90 2.614 -0.071
441.4 45 5.813 0.198
441.4 5 2.647 0.246
441.4 63 3.919 0.32
441.86 5 2.567 0.335
442.1 5 2.543 0.348
442.34 5 2.511 0.356
442.34 63 3.768 0.411
442.6 90 2.577 0.007
442.6 45 5.697 0.281
442.6 5 2.496 0.358
442.6 63 3.779 0.401
442.6 7 4.833 0.57
442.84 5 2.477 0.366
442.84 63 3.768 0.411
443.08 90 2.561 0.03
443.32 90 2.527 0.091
443.56 45 5.585 0.364
443.56 5 2.341 0.476
443.8 90 2.511 0.096
443.8 45 5.479 0.368
443.8 5 2.301 0.489
444.04 90 2.502 0.096
444.04 45 5.585 0.367
444.04 63 3.697 0.483
444.04 5 2.288 0.496
444.28 90 2.509 0.097
444.28 45 5.585 0.362
444.28 63 3.628 0.491
444.28 5 2.268 0.504
444.52 90 2.487 0.111
444.76 90 2.465 0.184
444.76 45 5.376 0.454
444.76 63 3.499 0.571
445 63 3.458 0.572
445.24 63 3.438 0.571
445.5 45 5.277 0.458
445.74 63 3.418 0.572
445.98 90 2.417 0.184
445.98 45 5.296 0.455
446.46 45 5.001 0.543
446.7 90 2.356 0.266
446.94 45 5.09 0.546
447.16 90 2.325 0.282
447.16 45 5.001 0.546
447.4 90 2.319 0.285
447.4 45 5.001 0.556
447.64 18 4.084 0.116
447.86 90 2.248 0.379
448.1 90 2.237 0.382
448.34 90 2.222 0.385
448.6 90 2.221 0.388
448.84 18 4.031 0.153
448.84 90 2.213 0.388
449.08 18 4.032 0.155
449.08 90 2.206 0.389
449.3 90 2.168 0.427
449.54 90 2.099 0.477
449.78 90 2.097 0.485
450.02 90 2.092 0.484
450.24 90 2.077 0.487
450.48 90 2.095 0.477
450.72 90 2.074 0.486
450.94 90 2.062 0.485
451.18 90 2.057 0.494
451.42 90 1.974 0.563
451.64 90 1.973 0.564
451.88 18 3.768 0.338
452.1 90 1.962 0.563
452.34 90 1.951 0.567
452.58 90 1.975 0.552
452.8 90 2.085 0.411
453.04 90 2.157 0.306
453.26 90 2.192 0.212
453.26 45 5.09 0.466
453.5 45 5.376 0.359
453.5 63 3.418 0.516
453.72 45 5.479 0.292
453.72 63 3.541 0.44
453.96 45 5.479 0.243
453.96 63 3.584 0.387
454.18 90 2.244 -0.076
454.44 90 2.23 -0.121
454.44 63 3.703 0.274
454.7 5 2.156 0.548
454.92 5 2.208 0.506
455.16 90 2.198 -0.193
455.16 63 3.72 0.22
455.62 90 2.252 0.004
456.08 63 3.379 0.527
456.3 45 5.182 0.428
456.3 63 3.274 0.567
456.54 90 2.196 0.202
456.78 90 2.159 0.261
457 90 2.101 0.321
457.24 45 4.833 0.553
457.72 90 2.062 0.33
458.18 18 3.817 0.132
458.92 90 1.958 0.417
459.16 18 3.749 0.172
459.16 90 1.916 0.448
459.38 90 1.9 0.459
459.62 90 1.853 0.495
459.86 90 1.825 0.51
460.08 90 1.798 0.528
460.32 18 3.584 0.26
460.56 18 3.628 0.267
460.56 90 1.755 0.554
460.78 18 3.584 0.275
461.02 18 3.544 0.306
461.7 18 3.499 0.315
462.16 18 3.446 0.339
462.62 18 3.434 0.329
462.86 18 3.391 0.356
463.08 18 3.392 0.332
463.32 18 3.43 0.297
463.78 18 3.438 0.294
464 18 3.303 0.381
464.48 18 3.313 0.353
464.94 18 3.267 0.384
465.4 18 3.306 0.339
465.64 18 3.349 0.281
465.86 18 3.34 0.232
466.1 18 3.398 0.187
466.1 90 1.552 0.55
466.58 18 3.347 0.184
466.58 90 1.528 0.55
467.04 18 3.31 0.186
467.04 90 1.5 0.555
467.52 18 3.272 0.189
467.52 90 1.493 0.553
467.76 90 1.46 0.564
468.22 18 3.231 0.199
468.22 90 1.441 0.572
468.74 18 3.203 0.2
469.22 18 3.167 0.198
469.44 18 3.162 0.199
469.9 18 3.11 0.201
470.38 18 3.095 0.206
470.6 18 3.038 0.285
470.84 18 3.008 0.292
471.06 18 2.988 0.299
471.3 18 2.967 0.302
471.52 18 2.973 0.303
471.98 18 2.828 0.418
472.2 18 2.757 0.475
472.44 18 2.72 0.482
472.9 18 2.704 0.489
473.12 18 2.674 0.49
473.58 18 2.57 0.555
474.28 18 2.525 0.572
487.58 81 1.718 0.222
487.8 81 1.642 0.36
488.5 81 1.623 0.391
488.84 36 5.182 0.342
488.84 81 1.612 0.408
489.06 41 2.407 0.014
489.06 81 1.614 0.409
489.3 41 2.42 0.018
489.3 81 1.614 0.408
489.52 41 2.443 0.02
489.52 81 1.614 0.408
489.76 36 5.182 0.342
489.76 81 1.616 0.409
489.98 14 5.182 0.058
489.98 81 1.615 0.408
490.22 36 5.182 0.343
490.22 81 1.614 0.408
490.44 36 5.182 0.342
490.44 81 1.614 0.408
490.68 36 5.182 0.342
490.68 81 1.615 0.409
490.92 70 4.495 -0.068
490.92 41 2.546 0.032
490.92 36 5.182 0.342
490.92 81 1.615 0.408
491.16 70 4.53 -0.058
491.16 41 2.566 0.033
491.16 36 5.182 0.342
491.16 81 1.616 0.408
491.42 70 4.53 -0.058
491.42 41 2.584 0.035
491.42 36 5.182 0.342
491.42 81 1.614 0.408
491.68 70 4.53 -0.058
491.68 41 2.604 0.037
491.68 36 5.182 0.342
491.68 81 1.614 0.408
491.92 70 4.53 -0.058
491.92 41 2.606 0.039
491.92 36 5.182 0.342
491.92 81 1.614 0.408
492.16 70 4.53 -0.058
492.16 41 2.611 0.039
492.16 36 5.182 0.342
492.16 81 1.615 0.408
492.4 41 2.617 0.041
492.4 36 5.182 0.342
492.4 81 1.615 0.408
492.64 70 4.53 -0.068
492.64 41 2.644 0.043
492.64 36 5.182 0.342
492.64 81 1.615 0.408
492.88 70 4.53 -0.058
492.88 41 2.657 0.044
492.88 36 5.182 0.342
492.88 81 1.615 0.408
493.1 70 4.53 -0.058
493.1 41 2.674 0.046
493.1 36 5.182 0.342
493.1 81 1.613 0.408
493.34 70 4.53 -0.058
493.36 41 2.681 0.048
493.36 36 5.182 0.342
493.36 81 1.614 0.408
493.58 81 1.615 0.409
493.82 23 3.973 0.065
493.82 81 1.614 0.409
494.04 70 4.53 -0.058
494.04 81 1.615 0.408
494.28 23 3.973 0.069
494.28 81 1.615 0.408
494.5 41 2.754 0.056
494.5 81 1.614 0.409
494.74 23 3.973 0.071
494.74 81 1.615 0.409
494.96 41 2.784 0.057
494.96 81 1.615 0.409
495.2 41 2.806 0.058
495.2 81 1.614 0.408
495.42 23 4.028 0.074
495.42 81 1.615 0.408
495.66 36 5.182 0.342
495.66 81 1.614 0.409
495.88 41 2.835 0.065
495.88 81 1.615 0.409
496.12 41 2.857 0.07
496.12 81 1.614 0.408
496.34 81 1.615 0.409
496.6 36 5.182 0.342
496.6 81 1.614 0.409
497.76 61 3.817 -0.034
498.22 61 3.768 0.183
498.46 61 3.674 0.251
498.74 61 3.664 0.292
498.98 61 3.584 0.334
499.22 54 5.376 0.452
499.46 54 5.376 0.448
499.7 61 3.541 0.353
499.7 54 5.277 0.455
499.94 72 7.214 0.21
499.94 54 5.334 0.45
500.18 25 3.196 -0.183
500.42 61 3.465 0.35
500.42 54 5.342 0.446
500.66 72 7.307 0.21
500.66 54 5.277 0.453
501.12 61 3.426 0.351
501.12 54 5.277 0.454
501.36 72 7.123 0.22
501.36 54 5.219 0.462
501.84 72 7.123 0.205
501.84 61 3.373 0.363
502.08 61 3.426 0.284
502.08 54 5.316 0.38
502.32 61 3.483 0.16
502.8 61 3.541 0.007
503.5 36 4.754 0.47
503.74 41 2.73 0.325
504.22 36 5.001 0.295
504.68 41 2.808 0.137
504.68 36 5.001 0.191
504.68 81 1.356 0.477
504.92 81 1.363 0.399
505.16 41 2.832 0.055
505.62 81 1.33 0.38
505.86 81 1.307 0.405
507.26 41 2.567 0.472
507.72 54 5.376 -0.114
507.72 41 2.443 0.567
507.94 14 4.677 0.066
508.42 54 5.376 -0.037
508.72 14 4.655 0.066
508.72 70 3.827 0.193
508.94 14 4.602 0.062
508.94 70 3.82 0.192
509.18 14 4.602 0.062
509.18 70 3.845 0.193
509.4 14 4.602 0.057
509.4 70 3.846 0.193
509.64 14 4.602 0.058
509.64 70 3.844 0.193
509.86 14 4.602 0.054
509.86 70 3.82 0.193
510.1 14 4.544 0.05
510.1 70 3.847 0.193
510.32 14 4.584 0.043
510.32 70 3.837 0.193
510.56 14 4.602 0.041
510.56 70 3.848 0.193
510.78 14 4.602 0.039
510.78 70 3.83 0.193
511.02 14 4.578 0.036
511.02 70 3.84 0.193
511.26 61 3.199 -0.154
511.26 54 5.339 -0.038
511.26 14 4.578 0.03
511.26 70 3.833 0.192
511.5 61 3.199 -0.154
511.5 54 5.367 -0.038
511.5 14 4.53 0.032
511.5 70 3.856 0.193
511.74 61 3.199 -0.154
511.74 54 5.367 -0.038
511.74 14 4.53 0.03
511.74 70 3.855 0.193
511.98 61 3.196 -0.158
511.98 54 5.36 -0.038
511.98 14 4.53 0.026
511.98 70 3.835 0.193
512.22 61 3.199 -0.154
512.22 54 5.367 -0.039
512.22 14 4.46 0.02
512.22 70 3.837 0.193
512.48 61 3.196 -0.158
512.48 54 5.359 -0.039
512.48 70 3.84 0.193
512.7 61 3.199 -0.153
512.7 54 5.348 -0.039
512.7 14 4.46 0.018
512.7 70 3.834 0.193
512.94 61 3.202 -0.156
512.94 54 5.376 -0.039
512.94 14 4.46 0.016
512.94 70 3.842 0.193
513.18 61 3.196 -0.156
513.18 54 5.357 -0.039
513.18 70 3.84 0.193
513.4 61 3.199 -0.153
513.4 54 5.376 -0.039
513.4 14 4.393 0.011
513.42 70 3.846 0.193
513.64 61 3.196 -0.16
513.64 54 5.359 -0.038
513.64 14 4.393 0.008
513.64 70 3.839 0.193
513.88 14 4.393 0.009
513.88 70 3.835 0.193
514.4 54 5.376 0.011
514.66 27 7.123 -0.08
514.66 61 3.196 -0.054
514.9 27 6.948 -0.051
514.9 61 3.176 -0.026
514.9 54 5.277 0.093
514.9 14 4.295 0.125
514.9 70 3.681 0.326
515.38 61 3.196 -0.041
515.38 54 5.376 0.088
515.38 14 4.264 0.122
515.38 70 3.674 0.324
515.6 61 3.156 -0.059
515.84 61 3.096 -0.141
515.84 70 3.72 0.218
516.08 70 3.768 0.155
516.32 70 3.768 0.102
516.32 36 4.217 0.564
516.82 70 3.72 -0.007
517.06 41 2.287 0.554
517.28 41 2.297 0.538
517.52 41 2.248 0.551
517.76 41 2.246 0.557
518.22 70 3.628 -0.017
518.72 36 4.202 0.535
519.42 70 3.573 0.096
520.12 36 4.028 0.572
520.6 36 3.973 0.572
521.06 70 3.444 0.101
521.06 23 4.264 0.193
521.76 70 3.418 0.108
522.48 70 3.379 0.092
522.94 23 4.192 0.172
523.4 70 3.303 0.121
523.88 23 4.142 0.156
525.04 70 3.196 0.1
525.76 70 3.141 0.115
526 70 3.129 0.112
526.22 70 3.126 0.115
526.46 70 3.091 0.111
528.56 70 2.908 0.211
528.84 70 2.897 0.219
529.32 70 2.832 0.261
529.56 14 2.546 0.072
529.78 70 2.806 0.289
530.26 70 2.73 0.326
530.5 54 4.327 0.094
530.5 70 2.656 0.397
530.74 61 2.198 -0.104
530.74 70 2.628 0.404
530.96 14 2.342 0.191
531.2 14 2.329 0.197
531.2 70 2.611 0.407
531.44 14 2.27 0.2
531.44 70 2.582 0.411
531.68 70 2.519 0.471
532.14 14 2.157 0.303
532.14 70 2.447 0.51
532.38 54 4.142 0.198
532.38 70 2.427 0.517
533.1 14 1.973 0.413
533.32 14 1.946 0.424
533.56 14 1.906 0.424
533.8 54 3.973 0.281
533.8 14 1.894 0.427
534.26 14 1.851 0.436
534.74 72 5.659 0.051
534.74 14 1.738 0.512
534.98 61 1.945 0.157
534.98 14 1.701 0.523
535.44 72 5.585 0.097
535.68 27 5.585 0.28
535.68 54 3.686 0.455
535.92 72 5.585 0.146
535.92 54 3.682 0.461
536.16 54 3.674 0.466
536.4 54 3.642 0.468
536.62 54 3.633 0.472
536.86 54 3.458 0.541
537.1 54 3.461 0.557
537.34 61 1.73 0.351
537.34 54 3.41 0.56
537.58 54 3.408 0.561
538.04 61 1.65 0.411
538.28 61 1.622 0.445
538.52 61 1.611 0.449
538.8 61 1.584 0.461
539.04 61 1.55 0.481
539.28 61 1.484 0.557
539.52 61 1.494 0.553
539.76 72 5.001 0.42
539.98 61 1.452 0.56
540.22 72 4.833 0.456
540.46 72 4.754 0.52
540.68 72 4.729 0.52
540.92 72 4.728 0.51
541.16 72 4.754 0.511
541.4 72 4.715 0.517
541.64 72 4.677 0.519
544.48 25 1.576 -0.229
544.74 25 1.594 -0.172
544.98 25 1.591 -0.054
545.22 25 1.578 0.033
545.44 25 1.548 0.159
545.68 25 1.518 0.237
545.92 25 1.48 0.321
546.16 25 1.413 0.439
546.4 25 1.407 0.432
546.64 25 1.412 0.39
546.86 25 1.425 0.356
547.1 25 1.438 0.321
547.34 25 1.383 0.359
547.58 25 1.37 0.352
547.82 25 1.349 0.368
548.06 25 1.361 0.345
548.3 25 1.317 0.38
548.54 25 1.299 0.385
548.84 25 1.29 0.378
549.08 25 1.269 0.4
549.32 25 1.249 0.405
549.56 25 1.24 0.393
549.8 25 1.218 0.408
550.04 25 1.206 0.414
550.28 25 1.214 0.389
550.52 25 1.17 0.423
550.76 25 1.151 0.43
551 25 1.141 0.426
551.24 25 1.121 0.448
551.48 25 1.116 0.428
551.72 25 1.115 0.427
551.98 25 1.103 0.425
564.28 16 2.636 -0.209
564.76 16 2.621 -0.138
565 16 2.642 -0.122
565.24 16 2.629 -0.12
565.7 16 2.589 -0.033
566.18 16 2.572 -0.028
566.42 16 2.557 -0.035
566.64 16 2.546 0.018
566.88 16 2.515 0.053
567.36 16 2.488 0.055
567.58 16 2.488 0.061
567.82 16 2.443 0.132
568.3 16 2.412 0.145
568.8 16 2.358 0.19
569.02 16 2.345 0.215
569.72 16 2.246 0.297
569.96 16 2.216 0.333
570.18 16 2.206 0.337
570.42 16 2.185 0.335
570.64 16 2.116 0.42
570.88 63 4.393 -0.062
570.88 16 2.089 0.428
571.1 16 2.069 0.431
571.56 16 2.016 0.472
572.02 7 5.697 0.19
572.26 16 1.93 0.535
572.72 16 1.87 0.572
573.18 63 4.264 0.094
573.4 7 5.549 0.291
573.86 63 4.142 0.162
574.1 63 4.084 0.211
574.32 63 4.084 0.22
574.32 7 5.277 0.402
574.58 7 5.277 0.403
574.8 63 4.028 0.218
575.04 63 4.028 0.25
575.28 63 3.937 0.292
575.5 63 3.919 0.3
575.74 63 3.919 0.314
575.96 63 3.823 0.338
575.96 7 4.916 0.53
576.44 7 4.916 0.512
576.9 90 2.512 -0.099
576.9 63 3.817 0.32
577.36 63 3.77 0.321
577.36 7 4.833 0.509
578.06 63 3.722 0.324
578.3 63 3.72 0.325
578.52 63 3.72 0.323
578.8 63 3.685 0.321
579.02 63 3.676 0.315
579.26 63 3.679 0.32
579.5 7 4.754 0.514
579.72 63 3.628 0.33
580.66 63 3.543 0.327
580.9 63 3.593 0.318
581.12 63 3.547 0.311
581.36 63 3.529 0.318
581.6 63 3.507 0.316
582.5 63 3.499 0.297
582.74 63 3.443 0.303
583.42 63 3.458 0.28
583.64 63 3.458 0.288
583.88 63 3.423 0.29
584.32 63 3.423 0.301
584.56 63 3.388 0.308
584.78 63 3.401 0.299
585.02 63 3.379 0.285
585.46 45 5.277 0.153
585.7 63 3.303 0.312
585.92 63 3.276 0.331
586.6 45 5.182 0.159
586.84 63 3.24 0.305
587.06 45 5.182 0.126
587.28 45 5.09 0.128
588.42 7 4.393 0.492
588.68 63 3.144 0.283
589.14 63 3.134 0.275
589.38 63 3.162 0.273
589.6 63 3.124 0.291
590.06 45 5.001 0.134
590.52 63 3.065 0.277
590.76 63 3.065 0.283
590.98 7 4.327 0.46
591.2 45 5.001 0.115
591.44 7 4.202 0.49
591.68 7 4.202 0.498
592.12 7 4.217 0.471
592.82 63 2.911 0.269
593.26 63 2.887 0.264
593.5 63 2.915 0.184
593.72 63 2.919 0.105
594.16 63 2.915 -0.081
594.38 7 4.46 0.046
601.2 7 4.142 -0.076
603.44 7 4.028 -0.072
604.34 7 3.973 -0.075
607.3 7 3.768 -0.073
608.2 7 3.72 -0.07
608.7 7 3.697 -0.068
609.16 7 3.72 -0.063
609.6 7 3.674 -0.083
611.22 7 3.584 0.089
611.66 63 2.026 -0.056
611.88 63 2.04 0.006
612.12 63 2.026 0.086
612.56 63 1.96 0.231
613.24 45 3.868 0.03
613.48 63 1.994 0.173
613.7 63 1.949 0.194
613.94 63 1.929 0.196
614.4 63 1.913 0.179
614.62 63 1.906 0.182
614.86 63 1.868 0.204
615.1 63 1.851 0.224
615.32 45 3.768 0.032
615.56 63 1.833 0.214
616.02 63 1.792 0.214
616.96 45 3.643 0.029
617.2 63 1.707 0.224
617.42 63 1.7 0.224
617.66 63 1.696 0.217
617.88 63 1.666 0.222
618.34 63 1.636 0.232
619.08 63 1.593 0.225
619.32 45 3.494 0.034
619.56 63 1.548 0.259
619.78 45 3.44 0.034
620.02 63 1.51 0.277
620.5 45 3.392 0.032
620.5 63 1.481 0.256
620.74 63 1.444 0.323
620.96 63 1.433 0.33
621.2 63 1.415 0.339
621.44 63 1.396 0.365
621.9 63 1.345 0.39
622.12 63 1.3 0.469
622.36 63 1.295 0.464
622.6 63 1.29 0.453
623.06 45 3.162 0.238
623.3 45 3.102 0.3
623.52 63 1.183 0.56
623.76 63 1.171 0.562
624.22 63 1.149 0.56
624.46 45 2.95 0.385
625.16 45 2.911 0.403
625.4 45 2.876 0.408
625.62 45 2.846 0.436
626.1 45 2.723 0.503
626.34 45 2.714 0.503
631.6 18 1.939 -0.268
632.76 18 1.905 -0.191
633 18 1.886 -0.188
633.7 18 1.841 -0.185
633.94 18 1.83 -0.144
634.16 18 1.825 -0.127
635.34 18 1.776 -0.113
635.56 18 1.785 -0.12
635.8 18 1.78 -0.12
636.02 18 1.774 -0.113
636.26 18 1.776 -0.121
636.5 18 1.79 -0.117
636.72 18 1.771 -0.048
637.18 18 1.772 -0.051
637.4 18 1.759 -0.047
637.64 18 1.747 -0.043
637.86 18 1.746 -0.078
638.1 18 1.742 -0.071
638.56 18 1.726 0.05
639.28 18 1.686 0.04
639.74 18 1.657 0.039
639.96 18 1.654 0.044
640.2 18 1.653 0.059
640.42 18 1.616 0.142
640.68 18 1.602 0.194
640.9 18 1.607 0.186
641.14 18 1.563 0.223
641.36 18 1.547 0.227
641.82 18 1.514 0.239
642.3 18 1.476 0.233
642.52 18 1.468 0.236
642.76 18 1.457 0.254
642.98 18 1.422 0.281
643.2 18 1.378 0.362
643.88 18 1.31 0.444
644.1 18 1.308 0.435
644.34 18 1.315 0.427
644.56 18 1.305 0.435
644.8 18 1.271 0.455
645.24 18 1.282 0.437
645.48 18 1.29 0.423
645.7 18 1.282 0.425
646.38 18 1.182 0.545
646.6 5 2.119 -0.07
647.28 5 2.136 -0.063
647.5 5 2.145 -0.074
647.74 5 2.138 -0.076
648.42 5 2.141 -0.089
648.66 5 2.153 -0.097
649.12 5 2.153 -0.103
651.14 5 2.183 0.058
652.48 5 2.214 0.055
653.82 5 2.142 0.321
654.52 5 2.153 0.329
654.74 5 2.144 0.333
655.18 5 2.138 0.336
655.42 5 2.14 0.335
655.86 5 2.168 0.328
656.32 5 2.183 0.324
656.54 5 2.17 0.321
657.44 5 2.189 0.318
657.66 5 2.201 0.314
660.46 5 1.981 0.572
660.92 5 1.975 0.572
663.48 36 6.782 -0.048
665.58 36 6.473 -0.042
665.82 36 6.624 -0.035
669.54 5 2.031 0.224
670 5 2.023 0.214
670.7 5 2.004 0.197
671.62 5 1.975 0.181
671.86 5 1.975 0.177
672.08 5 1.975 0.168
673 5 1.896 0.31
673.22 5 1.895 0.309
673.46 5 1.892 0.308
674.14 5 1.851 0.373
674.58 5 1.856 0.37
674.82 5 1.841 0.371
675.5 5 1.885 0.349
675.72 5 1.892 0.346
675.94 5 1.903 0.342
676.16 5 1.915 0.338
676.4 5 1.94 0.328
676.62 5 1.952 0.325
676.84 5 1.964 0.321
677.08 5 1.97 0.316
677.3 5 1.994 0.31
677.52 5 2.012 0.306
677.74 5 2.025 0.303
677.98 5 2.035 0.296
678.2 5 2.055 0.292
678.44 5 2.068 0.288
678.7 5 2.075 0.285
678.94 5 2.097 0.278
679.18 5 2.11 0.275
679.42 5 2.132 0.269
679.66 5 2.14 0.266
679.88 5 2.154 0.26
680.12 5 2.175 0.258
680.34 5 2.189 0.254
680.58 5 2.207 0.248
680.8 5 2.216 0.244
681.04 5 2.232 0.24
681.28 5 2.248 0.237
681.52 5 2.27 0.231
681.98 5 2.27 0.274
682.48 5 2.246 0.362
683.18 5 2.178 0.425
683.42 5 2.168 0.432
683.9 36 5.813 0.012
683.9 5 2.146 0.447
684.14 5 2.14 0.453
684.62 5 2.153 0.439
684.84 5 2.17 0.435
685.08 5 2.157 0.443
685.56 5 2.154 0.438
685.8 5 2.154 0.436
686.72 5 2.136 0.452
686.96 5 2.138 0.443
687.2 5 2.13 0.439
687.44 5 2.138 0.433
687.66 5 2.125 0.439
687.9 5 2.12 0.448
688.14 5 2.123 0.448
688.36 5 2.11 0.446
688.66 5 2.102 0.444
689.38 5 2.076 0.454
690.32 5 2.089 0.441
690.8 5 2.094 0.446
691.26 5 2.07 0.447
691.72 5 2.079 0.43
727.94 36 3.768 -0.107
728.18 36 3.72 -0.097
728.42 36 3.72 -0.105
728.68 36 3.717 -0.1
728.92 36 3.674 -0.103
729.84 36 3.628 0.002
730.3 36 3.603 0.001
730.54 36 3.628 -0.009
731 36 3.541 0.063
731.24 36 3.541 0.08
731.7 36 3.492 0.085
731.94 36 3.472 0.086
732.64 36 3.418 0.173
733.1 36 3.386 0.181
734.74 36 3.173 0.275
734.98 36 3.199 0.273
736.4 36 3.033 0.371
736.88 36 3.003 0.377
737.34 36 2.862 0.461
737.58 36 2.84 0.471
737.82 36 2.842 0.47
738.04 36 2.814 0.48
738.78 36 2.717 0.541
739.62 70 2.993 -0.178
741.32 70 2.927 -0.085
741.56 70 2.939 -0.083
742.02 70 2.89 0.014
742.26 70 2.887 0.007
742.52 70 2.889 0.014
743 70 2.822 0.005
743.5 70 2.79 0.045
743.76 70 2.761 0.098
744.02 70 2.756 0.111
744.28 70 2.732 0.115
744.54 70 2.727 0.112
745.28 70 2.681 0.162
745.54 72 6.473 0.041
745.54 70 2.62 0.194
745.78 72 6.39 0.04
745.78 27 6.191 0.163
745.78 70 2.614 0.195
746.02 70 2.604 0.202
746.28 70 2.56 0.198
746.52 27 6.191 0.168
746.52 70 2.55 0.203
747 70 2.501 0.238
747.48 27 6.06 0.256
747.48 70 2.446 0.297
747.72 70 2.447 0.302
747.96 70 2.428 0.305
748.2 70 2.424 0.319
749.18 27 5.813 0.345
749.18 70 2.294 0.39
749.42 72 6.06 0.219
749.42 70 2.292 0.391
749.66 70 2.297 0.374
749.9 27 5.813 0.342
749.9 70 2.265 0.395
750.14 54 3.946 0.369
750.38 61 2.705 -0.138
751.1 54 3.744 0.473
751.34 54 3.72 0.479
751.34 70 2.082 0.512
751.82 27 5.479 0.448
751.82 70 2.056 0.518
752.28 72 5.697 0.402
752.52 54 3.515 0.565
752.76 27 5.182 0.545
752.76 54 3.499 0.571
753.24 72 5.5 0.417
753.24 27 5.182 0.548
753.48 27 5.182 0.548
753.72 72 5.431 0.467
753.96 72 5.333 0.506
754.44 72 5.237 0.511
754.9 61 2.439 0.131
755.38 61 2.38 0.24
755.62 61 2.335 0.227
755.86 61 2.322 0.232
756.1 61 2.312 0.219
756.34 61 2.276 0.234
756.8 61 2.227 0.292
757.04 61 2.2 0.341
757.28 61 2.168 0.327
757.52 61 2.158 0.333
758 61 2.138 0.326
758.22 61 2.064 0.401
758.46 61 2.029 0.432
758.74 61 2.014 0.438
758.98 61 2.005 0.444
759.22 61 1.984 0.44
759.46 61 1.96 0.447
759.68 61 1.943 0.458
759.92 61 1.884 0.52
760.14 61 1.863 0.54
760.4 61 1.868 0.541
760.64 5 2.509 0.172
760.64 61 1.865 0.541
760.88 25 3.162 -0.065
760.88 61 1.883 0.528
761.12 5 2.521 0.177
761.12 61 1.863 0.542
761.36 61 1.83 0.548
761.6 61 1.848 0.527
762.06 5 2.463 0.212
762.3 5 2.424 0.288
762.54 5 2.388 0.314
762.78 5 2.371 0.321
763.02 5 2.359 0.328
763.26 5 2.34 0.342
763.5 5 2.329 0.347
763.74 5 2.323 0.355
763.98 5 2.246 0.437
764.22 5 2.23 0.449
764.44 25 2.915 0.139
764.68 25 2.866 0.114
764.92 5 2.18 0.484
765.16 5 2.151 0.498
765.4 25 2.802 0.173
765.64 25 2.788 0.212
765.88 25 2.784 0.217
766.12 25 2.745 0.218
766.36 25 2.738 0.228
766.58 25 2.691 0.224
766.82 25 2.686 0.226
767.54 25 2.594 0.32
767.78 25 2.568 0.321
768.02 25 2.567 0.323
768.26 25 2.541 0.324
768.5 25 2.535 0.324
768.78 25 2.446 0.406
769.02 25 2.436 0.417
769.26 25 2.394 0.426
769.74 25 2.353 0.429
769.98 25 2.299 0.482
770.22 25 2.261 0.513
770.44 25 2.244 0.514
770.68 25 2.218 0.526
770.92 25 2.233 0.515
771.16 25 2.184 0.535
772.34 16 4.142 -0.211
773.06 9 1.576 -0.071
773.3 9 1.583 -0.008
773.54 9 1.539 -0.035
773.78 16 4.028 -0.132
774 16 4.084 -0.128
774.24 9 1.489 -0.013
774.72 9 1.473 0.054
774.94 9 1.443 0.023
775.42 9 1.418 0.031
775.66 9 1.404 0.086
775.9 16 3.973 -0.035
776.12 9 1.361 0.074
776.36 16 3.919 -0.019
776.6 9 1.315 0.111
776.84 9 1.311 0.113
777.08 9 1.286 0.143
777.54 16 3.817 0.043
777.78 9 1.228 0.204
778 16 3.72 0.197
778.24 16 3.628 0.317
778.46 16 3.53 0.397
778.74 16 3.418 0.476
778.98 90 3.392 -0.037
779.2 41 2.859 0.369
779.44 41 2.775 0.441
779.66 90 3.303 0.136
780.12 90 3.267 0.214
780.82 90 3.142 0.295
781.06 90 3.137 0.297
781.28 90 3.131 0.302
781.52 90 3.106 0.305
781.76 90 3.103 0.302
782 90 3.074 0.306
782.46 18 4.393 -0.091
782.46 23 3.674 0.27
782.46 90 3.044 0.309
782.92 23 3.628 0.26
782.92 90 3.033 0.295
783.16 18 4.327 -0.095
783.16 23 3.628 0.26
783.16 90 2.998 0.309
783.16 7 5.933 0.501
783.64 18 4.276 -0.1
783.64 23 3.562 0.246
783.64 90 2.975 0.312
784.12 18 4.277 -0.1
784.12 23 3.569 0.238
784.12 90 2.928 0.314
784.84 18 4.248 -0.095
784.84 90 2.899 0.326
785.3 18 4.202 -0.107
785.32 23 3.458 0.233
785.32 90 2.864 0.326
785.78 18 4.15 -0.096
785.78 23 3.383 0.228
785.78 90 2.813 0.331
786.26 90 2.832 0.32
786.5 18 4.098 -0.1
786.5 23 3.328 0.224
786.5 90 2.759 0.338
786.74 18 4.142 -0.099
786.74 90 2.78 0.325
786.74 7 5.697 0.529
787.46 18 4.009 -0.096
787.46 23 3.231 0.217
787.46 90 2.686 0.352
787.46 7 5.585 0.529
787.7 90 2.689 0.349
787.94 18 3.973 -0.1
787.94 90 2.664 0.347
787.94 7 5.585 0.525
788.94 23 3.096 0.191
789.16 90 2.585 0.361
789.16 7 5.479 0.534
789.64 45 5.933 0.247
789.64 7 5.479 0.532
790.1 23 3.003 0.181
790.58 23 2.921 0.181
790.82 90 2.486 0.378
791.04 90 2.492 0.33
791.28 90 2.529 0.253
791.5 90 2.567 0.17
791.96 90 2.563 -0.037
792.2 90 2.546 -0.115
792.64 16 3.003 0.43
792.88 16 3.052 0.361
793.1 16 3.127 0.273
793.34 16 3.162 0.139
793.58 16 3.177 0.069
793.8 16 3.167 0.008
794.04 16 3.172 0.083
794.28 16 3.129 0.111
794.52 16 3.122 0.148
794.76 16 3.072 0.182
795 16 3.036 0.186
795.24 16 3.046 0.187
795.48 16 3.007 0.191
795.7 16 3.009 0.195
795.94 16 2.987 0.196
796.18 16 2.976 0.196
797.14 16 2.931 0.196
797.62 16 2.867 0.196
798.12 16 2.839 0.203
798.86 16 2.811 0.207
799.1 41 2.634 -0.141
799.1 16 2.782 0.22
799.58 41 2.578 -0.151
799.58 16 2.746 0.212
800.08 41 2.573 -0.157
800.08 16 2.74 0.209
800.32 41 2.567 -0.158
800.32 16 2.737 0.208
800.8 41 2.543 -0.158
800.8 16 2.702 0.212
801.04 41 2.526 -0.158
801.04 16 2.691 0.211
801.28 41 2.507 -0.162
801.28 16 2.675 0.21
801.52 16 2.664 0.212
801.78 16 2.681 0.161
802.04 41 2.443 -0.24
802.04 16 2.666 0.131
802.28 41 2.429 -0.247
802.28 16 2.651 0.131
802.54 41 2.424 -0.25
802.54 16 2.648 0.131
802.78 41 2.41 -0.244
802.78 16 2.628 0.137
803 16 2.628 0.127
803.26 16 2.63 0.035
803.54 16 2.628 0.051
803.82 16 2.595 0.043
804.06 16 2.57 0.053
804.3 16 2.569 0.03
804.78 16 2.553 -0.037
805.02 16 2.546 -0.041
805.26 16 2.532 -0.036
805.5 16 2.52 -0.081
805.74 16 2.494 -0.109
805.98 16 2.492 -0.115
806.24 16 2.462 -0.113
806.48 16 2.467 -0.111
806.7 16 2.449 -0.127
806.94 16 2.42 -0.173
807.18 16 2.399 -0.17
807.42 16 2.405 -0.16
807.66 16 2.354 -0.234
807.9 16 2.386 -0.216
808.16 16 2.336 -0.232
821.6 25 1.882 0.51
821.82 72 5.647 0.543
822.06 72 5.971 0.43
822.3 72 6.092 0.347
822.54 72 6.221 0.267
822.76 61 2.798 0.56
823 61 2.902 0.479
823.24 61 3.003 0.394
823.7 54 5.001 0.379
823.7 61 2.875 0.472
823.94 27 6.702 0.192
823.94 61 2.806 0.518
824.18 25 1.958 0.041
824.42 54 4.677 0.509
824.66 54 4.677 0.517
824.9 54 4.677 0.513
825.14 72 6.191 0.182
825.38 25 1.875 0.061
825.62 25 1.872 0.064
825.86 54 4.53 0.526
826.08 54 4.53 0.533
826.32 72 6.06 0.199
826.56 25 1.804 0.064
826.56 72 6.06 0.197
826.8 72 6.06 0.199
827.04 25 1.791 0.049
827.04 72 6.06 0.194
827.52 25 1.748 0.068
827.78 25 1.717 0.079
827.78 72 6.06 0.195
828.02 25 1.71 0.07
828.02 72 6.06 0.196
828.26 25 1.69 0.074
828.26 72 5.996 0.187
828.26 54 4.393 0.539
828.5 25 1.677 0.076
828.5 72 6.034 0.198
828.5 54 4.393 0.559
828.78 72 5.996 0.2
829.02 54 4.371 0.555
829.26 72 5.933 0.198
829.26 54 4.393 0.547
829.5 25 1.605 0.077
829.5 54 4.343 0.547
829.74 25 1.593 0.079
829.74 54 4.343 0.556
829.96 72 5.933 0.199
830.2 54 4.264 0.567
830.44 72 5.813 0.195
830.92 25 1.505 0.084
831.16 54 4.264 0.561
831.4 72 5.813 0.158
831.62 72 5.813 0.135
831.86 25 1.445 0.001
832.1 27 6.06 0.232
832.1 54 4.393 0.494
832.34 72 5.754 0.115
832.34 54 4.327 0.48
832.82 72 5.813 0.027
833.04 61 2.316 0.568
833.28 54 4.46 0.395
833.28 61 2.285 0.568
833.52 72 5.697 0.02
833.76 61 2.332 0.527
834 61 2.328 0.514
834.72 61 2.299 0.521
835.42 61 2.333 0.433
835.66 61 2.323 0.421
836.6 61 2.322 0.362
838 61 2.281 0.283
838.74 70 3.267 0.403
839.92 70 3.303 0.321
840.16 70 3.303 0.33
840.62 61 2.214 0.037
840.84 36 4.833 0.453
841.54 36 4.916 0.329
841.76 36 4.916 0.324
841.76 5 2.35 0.55
842.24 70 3.267 0.047
842.94 70 3.231 0.06
843.4 36 4.793 0.332
843.62 36 4.833 0.333
843.86 36 4.754 0.335
844.1 36 4.817 0.338
844.58 36 4.754 0.342
845.04 36 4.677 0.345
845.5 70 3.096 0.06
845.96 36 4.677 0.343
846.2 36 4.639 0.347
846.66 36 4.602 0.351
847.12 70 2.973 -0.066
847.8 5 1.895 0.314
848.48 5 1.881 0.054
850.12 81 2.123 0.547
851.52 23 3.162 0.397
852.46 23 3.117 0.385
852.92 23 3.065 0.38
853.38 23 3.003 0.386
857.1 36 4.202 -0.103
857.56 36 4.187 0.004
857.8 36 4.15 0.02
858.04 36 4.15 0.045
858.26 36 4.202 0.084
859.22 36 4.084 -0.156
859.46 36 4.084 -0.156
860.14 36 4.192 -0.06
861.28 23 2.35 0.538
861.5 36 4.084 -0.16
861.74 23 2.314 0.537
862.88 23 2.397 0.388
863.12 23 2.388 0.375
863.34 23 2.386 0.364
863.58 23 2.368 0.355
863.8 23 2.371 0.348
864.04 23 2.37 0.339
864.26 23 2.37 0.323
864.5 23 2.359 0.314
864.96 23 2.386 0.234
865.18 23 2.368 0.218
865.4 23 2.35 0.207
865.64 23 2.332 0.2
866.1 23 2.297 0.21
867.48 23 2.168 0.219
867.7 23 2.143 0.217
868.9 23 2.04 0.215
869.12 23 2.02 0.21
869.36 23 2.001 0.209
869.82 23 1.952 0.211
870.28 23 1.903 0.202
870.96 23 1.848 0.191
871.2 23 1.826 0.182
871.42 23 1.806 0.172
871.66 23 1.785 0.175
872.12 23 1.746 0.171
873.26 23 1.691 0.13
875.16 23 1.546 0.108
878.38 36 3.129 0.013
879.1 36 2.973 0.334
879.56 36 2.806 0.478
892.84 36 2.578 0.323
893.08 23 1.631 0.163
893.56 36 2.638 0.122
893.8 36 2.634 0.047
894.04 36 2.611 0.005
894.28 36 2.611 -0.055
894.52 36 2.572 -0.1
895.74 36 2.495 -0.095
896.22 36 2.463 -0.096
896.44 36 2.448 -0.101
898.12 36 2.332 -0.109
898.38 36 2.314 -0.107
899.18 36 2.297 -0.1
899.4 36 2.27 -0.107
899.64 36 2.263 -0.109
906.46 81 2.043 0.45
906.7 81 2.129 0.329
906.92 81 2.157 0.236
907.16 81 2.186 0.152
907.38 81 2.185 0.083
907.62 81 2.173 -0.041
907.84 81 2.159 -0.124
909.52 41 4.578 0.083
909.52 25 2.848 0.543
909.76 41 4.53 0.063
909.76 25 2.869 0.524
910.48 16 5.277 -0.079
910.48 25 2.897 0.491
910.72 25 2.87 0.486
910.96 16 5.277 -0.1
910.96 25 2.852 0.482
911.2 25 2.832 0.503
911.42 9 2.705 -0.06
911.42 25 2.821 0.498
911.66 9 2.681 -0.06
911.66 25 2.802 0.503
911.9 25 2.763 0.512
912.14 9 2.649 -0.059
912.14 25 2.783 0.505
912.38 25 2.764 0.508
912.62 25 2.736 0.502
912.86 25 2.737 0.508
913.1 41 4.264 -0.048
913.1 25 2.72 0.507
913.56 16 5.12 -0.105
913.56 25 2.688 0.509
913.8 25 2.654 0.517
914.04 25 2.647 0.515
914.52 9 2.46 -0.085
914.52 25 2.605 0.518
915 25 2.583 0.521
915.48 25 2.558 0.523
915.72 25 2.527 0.537
916.2 25 2.503 0.534
916.44 25 2.497 0.524
917.14 25 2.567 0.435
917.38 25 2.614 0.369
917.84 25 2.685 0.21
918.08 25 2.708 0.155
918.32 25 2.73 0.097
918.56 25 2.707 0.031
919.04 25 2.665 -0.015
919.28 25 2.643 -0.016
919.54 25 2.638 -0.015
919.78 25 2.627 -0.014
920.26 25 2.618 -0.014
920.52 25 2.584 -0.015
920.76 25 2.578 -0.011
921 25 2.572 -0.015
921.26 25 2.544 -0.01
921.5 25 2.534 -0.012
921.76 25 2.514 -0.012
922 25 2.492 -0.018
922.26 25 2.468 -0.015
922.5 25 2.452 -0.016
922.74 25 2.433 -0.017
922.98 25 2.421 -0.02
923.48 25 2.416 0.062
923.74 25 2.359 0.224
923.98 25 2.278 0.339
924.22 25 2.159 0.486
924.48 25 2.121 0.525
924.74 25 2.086 0.558
925.02 25 2.08 0.566
925.28 16 4.588 -0.118
925.54 16 4.53 -0.098
925.78 16 4.53 -0.109
926.02 16 4.53 -0.12
926.26 16 4.53 -0.109
926.5 16 4.53 -0.098
926.74 9 1.951 -0.141
927.24 25 2.172 0.475
927.46 25 2.266 0.366
927.7 25 2.368 0.173
927.94 25 2.386 0.088
928.2 25 2.382 0.005
928.48 25 2.35 -0.126
929.5 61 1.158 0.358
929.74 61 1.172 0.247
929.74 72 4.216 0.551
929.98 72 4.393 0.474
930.24 61 1.186 0.039
930.24 72 4.53 0.356
930.48 27 4.53 0.428
930.98 72 4.759 0.065
930.98 54 2.831 0.403
931.22 54 2.915 0.282
931.46 23 2.087 0.33
931.7 23 2.109 0.246
931.92 70 1.324 0.506
932.16 70 1.356 0.417
932.4 70 1.386 0.328
932.62 70 1.408 0.21
933.08 70 1.407 0.062
933.54 36 2.611 0.571
933.78 36 2.725 0.491
934.48 36 2.944 0.212
934.7 36 2.944 0.157
934.96 36 2.946 0.152
935.2 36 2.941 0.154
935.44 36 2.928 0.147
935.7 36 2.912 0.138
935.96 36 2.92 0.148
936.18 36 2.919 0.145
936.42 36 2.901 0.152
936.66 36 2.894 0.152
937.12 36 2.876 0.141
937.36 36 2.883 0.146
937.6 36 2.877 0.141
937.82 36 2.859 0.149
938.06 36 2.852 0.149
938.3 36 2.856 0.145
938.52 36 2.859 0.147
938.8 36 2.832 0.135
939.26 36 2.832 0.139
939.5 36 2.826 0.155
939.72 36 2.812 0.145
940.2 36 2.807 0.144
940.68 36 2.789 0.142
940.9 36 2.787 0.149
941.14 36 2.784 0.148
941.6 36 2.78 0.15
942.52 36 2.73 0.166
942.76 36 2.705 0.16
943.68 36 2.657 0.16
943.9 36 2.621 0.156
944.38 36 2.594 0.159
946.22 36 2.535 -0.153
946.46 36 2.526 -0.156
946.92 36 2.546 -0.114
947.14 36 2.55 -0.062
947.38 36 2.566 -0.026
947.62 36 2.547 0.039
947.84 36 2.546 -0.001
948.32 36 2.546 -0.077
948.56 36 2.549 -0.07
948.82 36 2.561 -0.041
949.04 36 2.546 0.012
949.28 36 2.558 0.068
949.74 36 2.548 0.092
949.98 36 2.554 0.098
950.22 36 2.536 0.115
950.44 36 2.528 0.137
950.9 36 2.525 0.204
951.36 36 2.546 0.108
951.58 36 2.546 0.1
951.82 36 2.547 0.116
952.06 36 2.536 0.122
952.28 36 2.547 0.121
952.52 36 2.546 0.149
952.74 36 2.529 0.177
952.98 36 2.504 0.232
953.2 36 2.476 0.292
953.44 36 2.438 0.345
953.66 36 2.463 0.313
953.88 36 2.522 0.226
954.12 36 2.513 0.219
954.34 36 2.509 0.227
954.58 36 2.506 0.253
954.8 36 2.467 0.313
955.04 36 2.443 0.358
955.26 36 2.408 0.397
955.5 36 2.385 0.422
955.96 36 2.482 0.317
956.2 36 2.469 0.315
956.42 36 2.458 0.336
956.64 36 2.43 0.368
956.88 36 2.386 0.438
957.1 36 2.332 0.476
957.32 36 2.354 0.453
957.58 36 2.348 0.454
957.8 36 2.332 0.466
958.04 36 2.335 0.466
958.26 36 2.338 0.468
958.5 36 2.304 0.494
958.78 36 2.23 0.564
959.02 36 2.226 0.571
959.24 36 2.222 0.571
964.4 36 2.246 0.202
965.1 36 2.263 0.091
965.32 36 2.246 0.15
965.76 36 2.198 0.272
966.02 36 2.189 0.283
966.26 36 2.188 0.282
966.48 36 2.187 0.28
966.7 36 2.183 0.281
966.94 36 2.183 0.281
967.16 36 2.187 0.28
967.38 36 2.188 0.28
967.62 36 2.189 0.281
967.84 36 2.188 0.281
968.06 36 2.188 0.28
968.3 36 2.189 0.281
968.52 36 2.189 0.281
968.76 36 2.187 0.282
969 36 2.188 0.28
969.24 36 2.186 0.28
969.5 36 2.189 0.28
969.72 36 2.188 0.281
969.98 36 2.188 0.28
970.22 36 2.187 0.28
970.48 36 2.188 0.281
970.7 36 2.187 0.28
970.92 36 2.187 0.28
971.14 36 2.187 0.281
971.38 36 2.187 0.281
971.62 36 2.187 0.281
971.84 36 2.187 0.281
972.08 36 2.189 0.285
972.54 36 2.094 0.416
972.76 36 2.063 0.462
973 36 2.011 0.529
977.54 54 2.483 0.068
977.8 54 2.454 0.15
978.06 72 4.443 0.035
978.06 27 4.275 0.214
978.06 54 2.385 0.277
978.3 54 2.375 0.286
978.54 54 2.391 0.202
978.82 54 2.413 0.145
979.04 54 2.408 0.059
979.28 54 2.405 0.021
979.52 27 4.264 -0.124
979.52 54 2.387 -0.043
979.74 54 2.37 -0.094
979.98 54 2.336 -0.142
980.68 54 2.314 0.134
980.9 54 2.297 0.227
981.14 54 2.205 0.354
981.38 54 2.171 0.418
981.6 54 2.116 0.481
981.84 54 2.029 0.557
982.08 27 3.72 0.541
982.32 72 4.028 0.404
982.54 72 3.919 0.478
982.78 72 3.817 0.523
983.96 72 3.692 0.553
984.2 72 3.817 0.483
984.42 27 3.619 0.565
984.66 27 3.724 0.502
984.9 54 2.007 0.528
985.14 54 2.097 0.436
985.36 54 2.15 0.362
985.6 54 2.184 0.308
985.84 54 2.227 0.203
986.08 54 2.249 0.166
986.3 54 2.256 0.12
986.54 54 2.269 0.042
986.78 54 2.283 0.008
987.02 54 2.269 -0.045
987.24 54 2.267 0.028
987.48 54 2.266 0.076
987.72 54 2.265 0.077
987.96 54 2.268 0.063
988.2 54 2.282 0.018
988.42 54 2.273 -0.033
988.7 54 2.277 -0.015
988.94 72 4.084 -0.276
988.94 27 4.162 -0.096
988.94 54 2.28 -0.005
989.18 27 4.157 -0.098
989.18 54 2.283 -0.008
989.44 27 4.142 -0.122
989.44 54 2.277 -0.032
989.7 54 2.28 0.032
989.94 54 2.274 0.1
990.18 54 2.272 0.098
990.4 54 2.269 0.078
990.64 54 2.268 0.028
990.88 54 2.269 -0.026
991.1 54 2.288 -0.053
991.56 54 2.27 0.085
991.8 27 4.202 0.007
991.8 54 2.263 0.084
992.04 27 4.159 -0.002
992.04 54 2.264 0.084
992.28 54 2.272 0.083
992.5 54 2.271 0.076
992.72 54 2.281 0.026
992.96 54 2.285 0.007
993.2 54 2.287 0.007
993.44 54 2.285 -0.012
993.66 54 2.279 -0.05
993.9 54 2.291 -0.05
994.14 54 2.276 0.078
994.38 54 2.286 0.079
994.64 54 2.283 0.079
994.88 54 2.283 0.045
995.12 54 2.288 0.015
995.34 54 2.285 -0.054
995.82 54 2.283 0.008
996.06 27 4.158 -0.029
996.06 54 2.291 0.062
996.3 54 2.284 0.06
996.54 54 2.282 0.028
996.76 54 2.299 -0.002
997 54 2.288 -0.054
997.24 54 2.314 -0.113
997.48 54 2.297 -0.063
997.72 54 2.3 0.018
997.96 54 2.301 0.012
998.2 54 2.295 0.005
998.44 54 2.305 -0.043
998.7 27 4.142 -0.183
998.7 54 2.3 -0.094
999.16 27 4.202 -0.146
999.4 54 2.3 -0.004
999.64 27 4.194 -0.096
999.64 54 2.302 -0.007
999.88 27 4.202 -0.122
999.88 54 2.302 -0.021
1000.1 27 4.202 -0.14
1000.1 54 2.301 -0.045
1000.4 54 2.288 -0.113
1000.6 54 2.246 -0.239
1003.2 36 2.35 -0.111
1017.2 36 1.478 0.045
1019.1 36 1.338 0.077
1019.6 36 1.298 0.11
1034.1 81 2.705 0.379
1034.3 81 2.78 0.296
1034.8 81 2.832 0.094
1035.3 81 2.806 -0.092
1035.3 90 5.813 -0.03
1035.3 16 6.191 0.312
1035.5 81 2.784 -0.135
1035.5 90 5.783 -0.071
1035.5 41 3.868 0.024
1036.2 81 2.73 -0.184
1036.2 41 3.754 -0.026
1036.2 16 6.329 0.216
1036.7 81 2.705 -0.201
1036.7 41 3.72 -0.037
1036.7 16 6.329 0.202
1036.7 9 3.72 0.268
1037 81 2.657 -0.212
1037 41 3.674 -0.041
1037 9 3.72 0.252
1037.2 81 2.657 -0.219
1037.2 41 3.628 -0.045
1037.2 16 6.329 0.196
1037.2 9 3.72 0.253
1037.7 41 3.584 -0.025
1037.9 41 3.547 -0.024
1037.9 16 6.191 0.203
1037.9 9 3.674 0.264
1038.2 41 3.499 -0.02
1038.2 9 3.628 0.27
1038.4 81 2.567 -0.217
1038.4 41 3.499 -0.017
1038.4 16 6.191 0.204
1038.4 9 3.628 0.273
1038.7 41 3.423 -0.016
1038.7 16 6.191 0.202
1038.7 9 3.613 0.267
1039.4 41 3.387 -0.009
1039.4 16 6.074 0.207
1039.4 9 3.584 0.271
1039.7 41 3.418 -0.005
1039.7 9 3.587 0.28
1039.9 16 6.191 0.207
1039.9 9 3.587 0.279
1040.2 16 6.158 0.2
1040.2 9 3.584 0.263
1040.4 9 3.584 0.268
1040.9 9 3.541 0.265
1041.2 16 6.06 0.192
1041.2 9 3.541 0.266
1041.4 41 3.196 -0.022
1041.7 41 3.168 -0.024
1042.2 41 3.088 0.004
1042.2 16 6.06 0.199
1042.2 9 3.455 0.27
1042.6 41 3.014 -0.005
1042.6 16 5.996 0.177
1042.6 9 3.458 0.249
1043.4 41 2.973 0.01
1043.4 16 5.933 0.184
1043.4 9 3.418 0.271
1043.6 16 5.933 0.183
1043.9 9 3.418 0.247
1044.1 9 3.382 0.259
1045.1 41 2.78 0.062
1045.1 16 5.813 0.22
1045.1 9 3.303 0.308
1045.3 41 2.754 0.076
1045.3 16 5.813 0.224
1045.6 41 2.705 0.071
1045.6 16 5.813 0.217
1045.6 9 3.255 0.304
1046.1 41 2.634 0.092
1046.3 41 2.611 0.085
1046.3 16 5.697 0.217
1046.5 41 2.589 0.079
1046.5 16 5.773 0.208
1046.8 41 2.536 0.089
1047 41 2.507 0.098
1047 16 5.697 0.224
1047 9 3.162 0.306
1047.3 41 2.488 0.102
1047.3 9 3.131 0.315
1047.5 41 2.445 0.108
1047.5 16 5.697 0.22
1047.5 9 3.129 0.316
1047.7 41 2.438 0.115
1047.7 16 5.697 0.226
1048 41 2.389 0.115
1048 16 5.585 0.22
1048 9 3.07 0.324
1048.2 41 2.373 0.12
1048.2 16 5.659 0.211
1048.2 9 3.065 0.31
1048.5 41 2.361 0.121
1048.5 16 5.585 0.215
1048.5 9 3.065 0.309
1048.7 41 2.334 0.14
1049.2 41 2.297 0.141
1049.2 16 5.585 0.214
1049.4 16 5.585 0.217
1049.9 41 2.263 0.151
1050.1 41 2.214 0.177
1050.4 9 2.915 0.333
1050.8 41 2.183 0.18
1051.3 41 2.168 0.203
1051.6 9 2.832 0.342
1051.8 41 2.113 0.232
1052 41 2.088 0.236
1052 9 2.806 0.341
1052.3 16 5.376 0.21
1052.5 9 2.768 0.341
1052.7 16 5.32 0.218
1053 9 2.73 0.339
1053.4 41 1.988 0.281
1054.6 16 5.189 0.211
1054.6 9 2.611 0.363
1055.1 41 1.843 0.369
1055.6 9 2.597 0.348
1055.6 41 1.811 0.395
1056 9 2.541 0.356
1056 41 1.78 0.411
1056.3 41 1.756 0.423
1056.5 41 1.743 0.422
1056.7 41 1.727 0.436
1057 90 4.327 -0.222
1057 41 1.696 0.464
1057.2 41 1.678 0.474
1057.7 41 1.639 0.499
1058.2 16 5.001 0.093
1058.2 41 1.686 0.413
1058.4 41 1.718 0.351
1058.7 41 1.746 0.298
1058.9 41 1.756 0.215
1059.1 41 1.775 0.187
1059.1 25 2.944 0.5
1059.4 41 1.774 0.115
1059.4 25 3.008 0.423
1059.6 25 3.02 0.38
1059.9 25 3.094 0.341
1060.1 25 3.073 0.308
1060.3 25 3.07 0.298
1060.6 25 3.054 0.308
1060.8 25 3.037 0.307
1061.1 25 3.042 0.313
1061.3 41 1.733 0.057
1061.3 25 3.006 0.317
1061.5 25 2.999 0.314
1061.8 25 2.977 0.317
1062 25 2.974 0.318
1062.2 25 2.947 0.322
1062.5 41 1.715 0.087
1062.5 25 2.922 0.319
1062.7 25 2.915 0.324
1063 25 2.892 0.324
1063.2 25 2.882 0.327
1063.4 25 2.85 0.332
1063.7 25 2.862 0.326
1063.9 41 1.693 0.13
1063.9 25 2.823 0.338
1064.2 25 2.815 0.338
1064.4 25 2.79 0.341
1064.6 25 2.783 0.343
1064.9 25 2.773 0.343
1065.1 25 2.742 0.345
1065.4 41 1.672 0.161
1065.6 41 1.67 0.163
1065.6 25 2.713 0.346
1065.8 25 2.714 0.337
1066.1 25 2.689 0.352
1066.3 25 2.665 0.352
1066.5 25 2.652 0.351
1066.8 25 2.628 0.358
1067 25 2.62 0.359
1067.3 25 2.587 0.365
1067.5 25 2.577 0.361
1067.8 25 2.576 0.356
1068 25 2.55 0.367
1068.2 25 2.533 0.37
1068.5 25 2.503 0.384
1068.8 25 2.441 0.449
1069 25 2.424 0.472
1069.2 41 1.615 0.3
1069.5 25 2.372 0.471
1069.7 25 2.358 0.469
1069.9 41 1.615 0.284
1070.4 25 2.235 0.559
1070.7 25 2.201 0.565
1070.9 25 2.194 0.565
1071.1 25 2.178 0.565
1071.4 41 1.538 0.454
1071.6 41 1.528 0.478
1071.8 41 1.524 0.484
1072.6 41 1.507 0.511
1072.8 41 1.479 0.556
1073 41 1.469 0.567
1073.3 41 1.467 0.571
1073.5 41 1.474 0.571
1073.7 9 1.528 0.077
1074 41 1.47 0.572
1074.2 9 1.451 0.098
1074.5 16 3.976 -0.012
1074.5 9 1.442 0.117
1074.7 9 1.427 0.181
1074.9 16 3.973 -0.012
1075.2 9 1.398 0.183
1075.9 16 3.872 0.063
1076.8 9 1.28 0.208
1077 9 1.228 0.286
1077.3 16 3.768 0.144
1077.8 9 1.176 0.324
1078 16 3.72 0.179
1078.2 16 3.68 0.181
1078.2 9 1.138 0.377
1078.5 16 3.651 0.2
1078.5 9 1.126 0.362
1078.8 16 3.628 0.227
1079.2 16 3.541 0.299
1079.7 16 3.303 0.482
1079.9 16 3.196 0.54
1080.1 90 3.231 -0.051
1080.4 90 3.231 0.019
1081.3 63 4.833 0.301
1081.3 7 6.191 0.38
1081.5 63 4.833 0.3
1081.8 90 3.096 0.186
1082 90 3.096 0.2
1082.2 90 3.066 0.19
1082.4 90 3.04 0.194
1082.7 90 3.01 0.191
1082.9 7 6.191 0.391
1083.1 90 3.003 0.195
1083.4 90 2.981 0.191
1083.6 90 2.973 0.186
1083.9 90 2.975 0.198
1084.1 90 2.947 0.193
1084.3 90 2.933 0.198
1084.6 90 2.911 0.2
1084.6 7 6.06 0.385
1085.1 45 6.329 0.125
1085.1 90 2.863 0.209
1085.5 90 2.826 0.207
1085.8 90 2.813 0.207
1086 90 2.783 0.208
1086.3 90 2.765 0.209
1086.5 90 2.78 0.226
1086.7 7 5.813 0.402
1087.2 90 2.697 0.214
1087.7 90 2.705 0.218
1087.9 90 2.663 0.21
1088.1 45 6.06 0.048
1088.1 90 2.682 0.145
1088.4 45 6.076 0.04
1088.4 90 2.683 0.137
1088.4 7 5.933 0.328
1088.6 90 2.662 0.13
1089.1 90 2.634 0.083
1089.3 90 2.657 0.054
1089.6 90 2.624 0.037
1089.8 90 2.62 0.032
1090 7 6.06 0.22
1090.3 90 2.576 0.035
1090.3 7 6.06 0.222
1090.5 90 2.546 -0.047
1090.7 7 6.06 0.132
1091 90 2.526 -0.055
1091.6 90 2.463 -0.142
1092.1 7 5.933 0.037
1092.6 7 5.933 0.038
1093 16 2.683 0.556
1093.3 16 2.652 0.563
1093.5 16 2.637 0.559
1093.7 16 2.635 0.562
1094 16 2.615 0.565
1094.2 16 2.687 0.493
1094.4 16 2.7 0.49
1095.1 16 2.667 0.489
1095.3 16 2.667 0.481
1095.6 16 2.716 0.412
1095.8 16 2.72 0.412
1096.1 16 2.698 0.411
1096.3 16 2.691 0.412
1096.5 16 2.688 0.413
1096.8 16 2.712 0.368
1097 16 2.733 0.337
1097.2 16 2.716 0.331
1097.5 16 2.706 0.332
1097.7 16 2.697 0.335
1097.9 16 2.693 0.333
1098.2 16 2.705 0.309
1098.4 16 2.712 0.264
1098.7 16 2.713 0.264
1098.9 16 2.692 0.26
1099.2 16 2.672 0.251
1099.4 16 2.684 0.212
1099.6 16 2.689 0.212
1099.9 16 2.675 0.214
1100.1 16 2.681 0.207
1100.4 16 2.663 0.168
1100.6 16 2.646 0.164
1100.8 16 2.638 0.166
1101.1 16 2.621 0.146
1101.3 16 2.625 0.102
1101.5 16 2.604 0.098
1101.8 16 2.623 0.097
1102 16 2.596 0.074
1102.5 16 2.571 0.057
1102.7 16 2.537 0.034
1104.6 14 2.314 0.404
1104.8 16 2.222 0.49
1105 16 2.171 0.542
1105.7 63 3.674 -0.087
1107.1 90 1.837 -0.005
1107.3 90 1.835 0.023
1107.5 90 1.828 0.066
1107.8 90 1.807 0.145
1108 90 1.783 0.188
1108.2 90 1.763 0.241
1108.5 90 1.742 0.28
1108.7 90 1.71 0.341
1108.9 90 1.681 0.387
1109.2 90 1.641 0.442
1109.4 90 1.638 0.456
1109.6 90 1.627 0.448
1109.9 90 1.605 0.467
1110.1 90 1.596 0.47
1110.3 90 1.627 0.45
1110.6 90 1.569 0.482
1110.8 90 1.565 0.484
1111 90 1.559 0.482
1111.3 18 3.196 -0.039
1111.3 90 1.554 0.484
1111.5 90 1.55 0.478
1111.8 90 1.528 0.482
1112 90 1.541 0.469
1112.3 18 3.155 -0.022
1112.3 90 1.495 0.506
1112.5 18 3.133 0.005
1112.5 90 1.464 0.539
1112.8 18 3.129 0.002
1112.8 90 1.479 0.522
1113 90 1.455 0.544
1113.3 18 3.122 0.004
1113.3 90 1.449 0.544
1113.5 18 3.115 0.003
1113.5 90 1.453 0.539
1113.8 18 3.094 0.001
1113.8 90 1.439 0.544
1114 18 3.1 0.003
1114 45 4.53 0.518
1114 90 1.434 0.546
1114.2 18 3.078 0.003
1114.2 45 4.46 0.522
1114.2 90 1.422 0.545
1114.5 90 1.404 0.553
1115 18 3.038 0.004
1115 45 4.46 0.534
1115 90 1.378 0.56
1115.5 18 3.003 0.003
1115.5 90 1.349 0.567
1115.7 18 3.003 0.006
1115.7 90 1.339 0.571
1115.9 18 2.959 0.002
1115.9 45 4.393 0.53
1116.2 45 4.393 0.537
1116.4 45 4.36 0.536
1116.7 45 4.353 0.541
1116.9 45 4.273 0.546
1117.1 18 2.87 0.005
1117.4 18 2.865 0.01
1117.6 18 2.841 0.003
1117.6 45 4.264 0.547
1118.2 18 2.809 0.008
1118.2 45 4.217 0.563
1118.4 18 2.816 0.009
1118.7 45 4.202 0.558
1119 45 4.142 0.566
1119.2 18 2.763 0.016
1119.4 45 4.142 0.56
1119.9 45 4.084 0.57
1120.1 45 4.084 0.568
1120.4 45 4.084 0.57
1120.6 45 4.084 0.57
1121.1 18 2.621 0.011
1121.3 18 2.614 0.011
1121.6 18 2.611 0.034
1121.8 18 2.558 0.128
1122 18 2.522 0.199
1122.3 18 2.467 0.281
1122.5 18 2.356 0.411
1122.7 18 2.274 0.5
1123 18 2.183 0.57
1139.3 18 1.947 0.57
1140 18 1.941 0.57
1140.9 18 1.927 0.57
1141.6 18 1.927 0.572
1141.8 18 1.922 0.558
1146 18 1.925 0.559
1146.2 18 1.978 0.509
1146.4 18 2.006 0.478
1146.7 18 2.045 0.432
1146.9 18 2.078 0.383
1147.2 18 2.104 0.357
1147.4 18 2.131 0.307
1147.6 18 2.157 0.263
1147.9 18 2.168 0.232
1148.1 18 2.192 0.207
1148.3 18 2.168 0.237
1148.8 18 2.149 0.251
1149.1 18 2.166 0.238
1149.4 18 2.179 0.204
1149.6 18 2.184 0.189
1149.8 18 2.156 0.254
1150.1 18 2.094 0.368
1150.3 18 2.013 0.476
1151.9 18 1.942 0.555
1152.2 18 1.986 0.504
1152.4 18 2.05 0.433
1152.6 18 2.094 0.397
1152.9 18 2.128 0.321
1153.1 18 2.165 0.247
1153.4 18 2.188 0.22
1153.6 18 2.203 0.145
1153.8 18 2.208 0.126
1154.1 18 2.227 0.072
1154.3 18 2.219 0.031
1154.3 45 4.009 0.535
1154.5 18 2.229 0.001
1154.5 45 4.084 0.508
1154.8 18 2.232 -0.028
1154.8 45 4.142 0.469
1155 18 2.223 -0.093
1155 45 4.295 0.414
1155.2 18 2.218 -0.111
1155.2 45 4.295 0.388
1155.5 18 2.221 -0.144
1155.7 45 4.393 0.307
1155.9 18 2.183 -0.227
1155.9 45 4.46 0.268
1156.1 45 4.476 0.246
1156.4 45 4.483 0.245
1156.6 45 4.474 0.245
1156.8 45 4.469 0.248
1157.1 45 4.491 0.248
1157.3 45 4.488 0.248
1157.5 45 4.472 0.247
1157.7 45 4.476 0.247
1158 45 4.488 0.248
1158.2 45 4.469 0.246
1158.4 45 4.475 0.247
1158.7 45 4.47 0.247
1158.9 45 4.48 0.248
1159.2 45 4.474 0.244
1159.4 45 4.471 0.246
1159.6 45 4.471 0.246
1159.9 45 4.485 0.246
1160.1 45 4.485 0.246
1160.4 45 4.474 0.246
1160.6 45 4.473 0.247
1160.8 45 4.471 0.247
1161.1 45 4.473 0.246
1161.3 45 4.466 0.246
1161.5 45 4.471 0.246
1161.8 45 4.474 0.246
1162.2 18 2.221 -0.075
1162.5 45 4.264 0.426
1162.7 18 2.226 -0.071
1163 45 4.264 0.415
1163.2 18 2.218 -0.147
1163.2 45 4.393 0.355
1163.5 18 2.214 -0.188
1163.5 45 4.393 0.312
1163.7 45 4.46 0.257
1163.9 45 4.53 0.186
1163.9 63 2.773 0.567
1164.2 63 2.859 0.53
1164.6 90 1.258 0.426
1165.1 90 1.353 0.1
1165.8 16 2.668 0.498
1166.1 16 2.78 0.423
1166.3 16 2.857 0.292
1166.6 16 2.893 0.209
1166.8 16 2.92 0.126
1167.1 16 2.944 0.001
1167.3 16 2.91 -0.077
1167.5 16 2.859 -0.207
1167.8 16 2.806 -0.292
1168.3 5 2.246 0.564
1168.5 9 1.866 0.52
1168.8 9 1.934 0.435
1169 9 1.994 0.331
1169.3 5 2.504 0.136
1169.3 9 2.026 0.246
1169.5 61 3.72 0.449
1169.7 41 1.348 0.519
1170 9 2.04 -0.042
1170 41 1.389 0.443
1170.5 41 1.483 0.258
1170.7 61 4.028 -0.006
1171.2 81 1.679 0.526
1171.4 81 1.75 0.416
1172.6 81 1.826 0.145
1173.1 36 5.479 0.009
1173.8 81 1.75 0.07
1174 81 1.736 0.076
1174.2 81 1.717 0.077
1174.5 81 1.709 0.067
1174.8 36 5.479 0.009
1175 36 5.376 0.023
1175.2 36 5.376 0.025
1175.5 81 1.626 0.087
1175.7 81 1.602 0.094
1176.4 81 1.551 0.107
1177.4 81 1.486 0.123
1177.6 81 1.46 0.134
1177.8 81 1.447 0.132
1178.5 36 5.182 0.045
1179 36 5.09 0.047
1179 81 1.357 0.144
1179.3 81 1.341 0.163
1179.5 36 5.09 0.06
1179.7 36 5.001 0.062
1179.7 81 1.313 0.144
1180.2 36 5.001 0.06
1180.4 36 5.09 0.06
1180.7 36 5.056 0.06
1180.7 81 1.296 0.163
1180.9 36 5.09 0.06
1180.9 81 1.3 0.144
1181.2 36 5.001 0.061
1181.4 81 1.265 0.175
1181.9 36 4.923 0.068
1182.1 36 4.916 0.119
1183.3 54 5.479 -0.07
1183.3 41 1.615 0.058
1183.8 54 5.376 0.023
1183.8 41 1.599 0.165
1184 54 5.479 0.093
1184 41 1.589 0.242
1184.3 41 1.566 0.292
1184.5 61 3.315 0.017
1184.5 54 5.376 0.177
1184.5 41 1.548 0.341
1185.2 23 1.537 -0.071
1185.2 61 3.267 0.109
1185.2 27 7.123 0.133
1185.2 54 5.253 0.264
1185.2 41 1.499 0.448
1185.5 54 5.277 0.261
1185.7 23 1.484 -0.081
1185.7 72 6.782 0.016
1185.7 61 3.228 0.107
1185.7 27 6.948 0.13
1185.7 54 5.2 0.262
1185.7 41 1.496 0.459
1186.2 23 1.427 -0.07
1186.2 61 3.188 0.108
1186.2 27 7.035 0.131
1186.2 54 5.111 0.263
1186.2 41 1.488 0.472
1186.4 54 5.182 0.273
1186.4 41 1.496 0.48
1186.7 41 1.481 0.49
1186.9 61 3.141 0.109
1186.9 27 7.064 0.136
1186.9 54 5.09 0.27
1186.9 41 1.487 0.494
1187.1 61 3.129 0.113
1187.1 54 5.09 0.264
1187.1 41 1.46 0.503
1187.4 23 1.283 -0.058
1187.4 61 3.113 0.113
1187.4 27 7.006 0.137
1187.4 54 5.09 0.263
1187.4 41 1.463 0.506
1188.4 61 3.044 0.112
1188.4 54 4.97 0.271
1188.4 70 3.231 0.495
1188.4 41 1.453 0.534
1188.6 54 5.001 0.273
1188.9 41 1.45 0.553
1189.1 54 5.001 0.283
1189.4 41 1.448 0.563
1189.6 41 1.446 0.568
1189.8 61 2.944 0.139
1190.1 61 2.887 0.219
1190.3 61 2.832 0.302
1190.5 61 2.705 0.426
1190.8 61 2.589 0.51
1191 25 2.748 -0.083
1191.2 25 2.737 0.036
1191.5 25 2.709 0.096
1191.7 25 2.693 0.148
1191.9 25 2.635 0.227
1192.2 25 2.574 0.285
1192.4 25 2.578 0.308
1192.7 9 1.11 0.144
1192.7 25 2.49 0.373
1193.1 25 2.459 0.383
1193.4 25 2.443 0.382
1193.6 25 2.434 0.383
1193.9 25 2.417 0.385
1194.3 25 2.378 0.392
1194.8 25 2.344 0.4
1195.5 25 2.167 0.544
1196.2 5 2.382 -0.061
1196.5 5 2.383 -0.005
1196.7 16 2.832 -0.301
1196.7 5 2.38 0.083
1197 5 2.382 0.128
1197.2 5 2.368 0.183
1197.5 5 2.344 0.251
1197.7 5 2.301 0.298
1198 5 2.303 0.325
1198.2 16 2.861 -0.083
1198.2 5 2.298 0.327
1198.7 5 2.298 0.333
1199.4 5 2.316 0.341
1200.4 16 2.735 -0.088
1200.4 5 2.306 0.355
1200.6 16 2.72 -0.087
1200.6 5 2.309 0.36
1201.1 5 2.299 0.362
1201.3 5 2.305 0.366
1201.8 5 2.302 0.37
1202.1 5 2.291 0.371
1202.3 5 2.3 0.372
1202.5 5 2.297 0.379
1202.8 5 2.318 0.377
1203 16 2.546 -0.097
1204.2 5 2.525 -0.034
1204.4 5 2.506 0.042
1204.7 5 2.478 0.16
1204.9 5 2.458 0.242
1205.2 5 2.443 0.285
1205.4 16 2.471 -0.179
1205.4 5 2.441 0.297
1205.6 5 2.466 0.311
1205.9 16 2.477 -0.151
1205.9 5 2.463 0.323
1206.1 5 2.465 0.329
1206.3 16 2.476 -0.131
1206.3 5 2.472 0.338
1206.6 5 2.488 0.345
1206.8 5 2.492 0.349
1207.1 5 2.507 0.353
1207.3 5 2.517 0.351
1207.5 5 2.543 0.349
1207.8 5 2.55 0.345
1208 5 2.567 0.335
1208.2 5 2.571 0.326
1208.5 5 2.584 0.327
1208.7 5 2.567 0.339
1209 5 2.559 0.342
1209.5 5 2.549 0.342
1210 5 2.556 0.321
1210.2 5 2.574 0.323
1210.4 5 2.567 0.33
1210.7 5 2.589 0.327
1210.9 5 2.566 0.321
1211.1 5 2.548 0.324
1211.4 5 2.547 0.318
1211.6 5 2.561 0.307
1212.1 5 2.535 0.302
1212.6 5 2.546 0.309
1212.8 5 2.526 0.306
1213 5 2.525 0.306
1213.3 5 2.526 0.3
1213.5 16 2.095 -0.154
1213.5 5 2.534 0.289
1213.8 16 2.06 -0.166
1213.8 5 2.52 0.288
1214 5 2.525 0.282
1214.2 5 2.506 0.274
1214.5 5 2.51 0.277
1215 16 1.977 -0.167
1215 5 2.504 0.284
1215.2 5 2.501 0.273
1215.4 5 2.505 0.262
1215.7 5 2.504 0.253
1216.4 5 2.501 0.235
1216.8 5 2.502 0.226
1217.1 5 2.466 0.233
1217.3 5 2.463 0.236
1217.8 5 2.446 0.225
1218 5 2.449 0.206
1218.3 5 2.439 0.201
1218.5 5 2.438 0.204
1218.8 5 2.432 0.195
1219.3 5 2.417 0.182
1219.5 5 2.408 0.172
1219.8 5 2.416 0.168
1220 5 2.399 0.153
1220.5 5 2.38 0.154
1220.9 5 2.359 0.13
1221.2 5 2.382 0.125
1221.4 5 2.351 0.125
1221.7 5 2.356 0.108
1221.9 5 2.35 0.102
1222.4 5 2.314 0.087
1222.6 5 2.318 0.082
1222.9 5 2.317 0.075
1223.3 5 2.28 0.049
1223.6 5 2.297 0.043
1225.2 5 2.168 -0.274
1272 7 3.817 -0.14
1272.9 7 3.809 -0.073
1273.6 7 3.768 -0.058
1273.8 7 3.72 -0.057
1274 7 3.72 -0.058
1274.5 7 3.674 -0.016
1274.7 7 3.674 0.027
1275.2 7 3.628 0.037
1275.6 7 3.594 0.036
1275.9 7 3.619 0.037
1276.5 7 3.529 0.121
1276.8 7 3.511 0.124
1277.5 7 3.421 0.214
1277.9 7 3.393 0.217
1278.2 7 3.386 0.222
1278.4 7 3.34 0.226
1278.6 7 3.303 0.279
1279.4 45 4.53 -0.031
1279.4 7 3.267 0.316
1279.6 45 4.53 -0.03
1279.6 7 3.272 0.312
1279.8 45 4.49 -0.031
1279.8 7 3.273 0.314
1280.1 7 3.249 0.311
1280.6 7 3.239 0.317
1280.8 7 3.231 0.311
1281 7 3.231 0.307
1281.3 7 3.096 0.392
1281.8 63 2.55 -0.173
1281.8 45 4.393 0.051
1281.8 7 3.073 0.407
1283 63 2.507 -0.08
1283 45 4.264 0.148
1283 7 2.873 0.512
1283.7 63 2.464 -0.077
1283.7 7 2.816 0.523
1284.2 45 4.142 0.244
1284.4 45 4.142 0.248
1284.9 45 4.084 0.249
1285.4 63 2.346 0.071
1285.6 45 3.919 0.338
1285.9 45 3.919 0.341
1286.4 45 3.919 0.342
1286.6 63 2.267 0.106
1286.6 45 3.919 0.339
1286.9 63 2.234 0.159
1286.9 45 3.817 0.406
1287.4 45 3.72 0.445
1287.6 45 3.72 0.45
1288.1 63 2.153 0.198
1288.3 45 3.584 0.508
1288.5 63 2.103 0.265
1288.5 45 3.541 0.524
1288.8 45 3.516 0.526
1289.3 45 3.385 0.57
1289.5 63 1.984 0.349
1290.9 63 1.857 0.431
1291.2 63 1.828 0.448
1291.4 63 1.794 0.472
1291.6 63 1.766 0.509
1291.9 63 1.742 0.507
1292.1 63 1.713 0.524
1292.6 18 3.768 -0.018
1292.6 63 1.663 0.552
1293 63 1.653 0.563
1293.3 18 3.768 0.01
1293.3 63 1.641 0.569
1293.5 18 3.768 0.017
1293.7 18 3.724 0.024
1294 18 3.72 0.037
1294.9 18 3.683 0.016
1295.1 18 3.628 0.043
1295.6 18 3.606 0.052
1295.8 18 3.584 0.058
1296.3 18 3.575 0.075
1296.5 18 3.535 0.082
1296.8 18 3.501 0.087
1297 18 3.474 0.085
1297.2 18 3.465 0.096
1297.5 5 2.115 -0.102
1297.5 18 3.46 0.095
1297.7 18 3.458 0.081
1297.9 18 3.422 0.092
1298.2 18 3.387 0.098
1298.4 18 3.374 0.105
1298.9 18 3.313 0.119
1299.1 18 3.331 0.131
1299.4 18 3.31 0.139
1299.6 18 3.268 0.131
1299.8 18 3.263 0.128
1300.1 18 3.239 0.124
1300.3 18 3.207 0.137
1300.5 18 3.231 0.143
1300.8 18 3.198 0.155
1301 18 3.167 0.161
1301.2 18 3.139 0.161
1302.2 18 3.1 0.173
1302.5 18 3.043 0.185
1303.2 18 3.005 0.195
1303.5 18 3.003 0.188
1303.8 5 1.873 -0.12
1303.8 18 2.948 0.207
1304 18 2.973 0.194
1304.2 18 2.922 0.21
1304.5 18 2.915 0.192
1304.7 18 2.891 0.21
1304.9 18 2.876 0.21
1305.2 18 2.859 0.198
1305.4 18 2.838 0.214
1305.6 18 2.821 0.213
1305.9 18 2.811 0.22
1306.1 18 2.832 0.202
1306.4 18 2.806 0.234
1306.6 18 2.754 0.251
1307.1 18 2.684 0.265
1307.3 18 2.687 0.267
1307.6 14 1.229 -0.014
1307.6 18 2.656 0.273
1308.5 18 2.578 0.319
1309.3 18 2.512 0.329
1310.2 18 2.425 0.366
1310.4 18 2.443 0.357
1311.4 18 2.325 0.404
1311.8 18 2.287 0.412
1312.3 18 2.242 0.423
1312.5 18 2.228 0.429
1313 18 2.202 0.422
1313.2 18 2.236 0.354
1313.5 18 2.283 0.254
1313.7 18 2.314 0.191
1313.9 18 2.321 0.132
1314.1 18 2.35 0.094
1314.4 18 2.304 0.002
1314.6 18 2.301 -0.032
1314.8 18 2.286 -0.077
1315.1 18 2.285 -0.114
1315.3 18 2.255 -0.137
1315.6 18 2.238 -0.148
1315.8 18 2.225 -0.138
1316 18 2.22 -0.127
1316.3 18 2.195 -0.144
1316.5 18 2.18 -0.135
1316.7 18 2.179 -0.141
1317 18 2.168 -0.144
1317.2 18 2.149 -0.144
1317.7 18 2.128 -0.144
1317.9 18 2.115 -0.144
1318.1 18 2.106 -0.145
1318.4 18 2.089 -0.144
1318.6 18 2.08 -0.147
1319.1 18 2.067 -0.147
1319.3 18 2.063 -0.154
1319.8 18 2.059 -0.133
1320 18 2.067 -0.127
1320.3 18 2.02 -0.153
1320.8 18 1.989 -0.154
1321 18 1.974 -0.149
1321.2 18 1.988 -0.129
1321.5 18 1.957 -0.16
1321.7 18 1.949 -0.157
1321.9 18 1.951 -0.147
1322.2 18 1.943 -0.145
1322.4 18 1.936 -0.138
1322.6 18 1.905 -0.155
1322.9 18 1.902 -0.144
1323.3 18 1.867 -0.156
1323.6 18 1.851 -0.122
1324 18 1.862 -0.056
1324.3 18 1.829 -0.079
1324.5 18 1.82 -0.004
1325 18 1.788 0.021
1325.7 18 1.756 0.126
1325.9 18 1.727 0.083
1326.3 18 1.67 0.148
1327 18 1.616 0.208
1327.3 18 1.615 0.196
1327.5 18 1.562 0.279
1327.7 18 1.576 0.269
1328 18 1.526 0.302
1328.4 18 1.465 0.383
1328.9 18 1.435 0.404
1329.4 18 1.355 0.487
1329.6 18 1.344 0.494
1329.9 18 1.319 0.513
1340.3 5 2.35 0.041
1340.8 5 2.332 0.069
1341.7 5 2.314 0.066
1342.1 5 2.297 0.081
1342.4 5 2.314 0.087
1342.8 5 2.28 0.112
1343.5 5 2.28 0.126
1344.5 5 2.28 0.139
1344.9 5 2.288 0.152
1345.2 5 2.303 0.161
1345.4 5 2.28 0.17
1345.8 5 2.28 0.164
1346.3 5 2.293 0.171
1346.5 5 2.27 0.182
1347 5 2.273 0.177
1347.5 5 2.276 0.189
1347.7 5 2.261 0.207
1347.9 5 2.26 0.207
1348.2 5 2.24 0.205
1348.4 5 2.243 0.199
1349.2 5 2.233 0.214
1349.4 5 2.234 0.219
1349.6 5 2.246 0.222
1350.1 5 2.246 0.224
1350.3 5 2.214 0.224
1350.8 5 2.224 0.226
1351.2 5 2.214 0.239
1351.7 5 2.214 0.228
1351.9 5 2.214 0.237
1352.9 5 2.195 0.244
1353.8 5 2.188 0.249
1354.3 5 2.2 0.244
1355 5 2.183 0.253
1355.2 5 2.202 0.237
1355.4 5 2.184 0.239
1356.1 5 2.183 0.249
1356.8 5 2.159 0.251
1357.1 5 2.171 0.239
1357.6 5 2.175 0.235
1357.8 5 2.159 0.247
1358.2 5 2.139 0.242
1358.5 5 2.138 0.237
1358.7 5 2.124 0.247
1359 5 2.12 0.252
1359.2 5 2.129 0.244
1359.9 5 2.138 0.238
1360.1 5 2.12 0.232
1360.4 5 2.109 0.239
1360.6 5 2.108 0.246
1360.8 5 2.123 0.236
1361.1 5 2.099 0.235
1361.3 5 2.106 0.233
1361.5 5 2.1 0.228
1361.8 5 2.113 0.214
1407.5 36 3.817 -0.078
1407.8 36 3.768 -0.07
1408.2 36 3.72 -0.075
1408.7 36 3.72 -0.083
1410.1 36 3.632 0.014
1410.4 36 3.628 0.018
1410.6 36 3.589 0.024
1410.8 36 3.615 0.021
1411.1 36 3.573 0.019
1411.8 36 3.541 0.098
1412 36 3.499 0.1
1412.5 36 3.464 0.112
1413.9 36 3.303 0.202
1414.4 36 3.267 0.204
1415.1 36 3.231 0.228
1415.3 5 3.628 -0.094
1415.3 36 3.196 0.281
1415.5 36 3.162 0.292
1417 36 3.065 0.327
1417.2 36 2.983 0.395
1417.7 36 2.944 0.399
1418.4 36 2.913 0.411
1418.7 36 2.806 0.496
1418.9 36 2.761 0.512
1419.4 5 3.541 0.074
1420.4 5 3.584 0.071
1420.4 36 2.702 0.524
1420.6 70 3.007 -0.235
1420.6 5 3.555 0.068
1420.6 36 2.68 0.53
1420.9 70 3.033 -0.224
1420.9 5 3.584 0.066
1420.9 36 2.694 0.529
1421.1 70 3.028 -0.237
1421.1 5 3.589 0.062
1421.1 36 2.683 0.53
1421.4 70 3.008 -0.235
1421.4 5 3.584 0.062
1421.4 36 2.689 0.531
1421.6 70 3.021 -0.225
1421.6 5 3.628 0.058
1421.6 36 2.69 0.531
1421.9 70 3.009 -0.225
1421.9 5 3.623 0.056
1421.9 36 2.687 0.531
1422.1 70 3.01 -0.236
1422.1 5 3.615 0.053
1422.1 36 2.676 0.531
1422.3 70 3.018 -0.222
1422.3 5 3.668 0.049
1422.3 36 2.684 0.531
1422.6 70 3.003 -0.223
1422.6 5 3.662 0.048
1422.6 36 2.679 0.531
1422.8 70 3.013 -0.222
1422.8 5 3.674 0.043
1422.8 36 2.679 0.531
1423.1 70 3.033 -0.237
1423.1 5 3.685 0.041
1423.1 36 2.687 0.531
1423.3 70 3.013 -0.226
1423.3 5 3.72 0.037
1423.3 36 2.688 0.531
1423.5 70 3.026 -0.236
1423.5 5 3.72 0.034
1423.5 36 2.688 0.531
1423.8 70 3.013 -0.222
1423.8 5 3.72 0.032
1423.8 36 2.683 0.531
1424 70 3.018 -0.226
1424 5 3.749 0.026
1424 36 2.684 0.531
1424.3 70 3.003 -0.223
1424.3 5 3.768 0.024
1424.3 36 2.682 0.53
1424.5 70 3.026 -0.223
1424.5 5 3.761 0.02
1424.5 36 2.68 0.531
1424.8 70 3.021 -0.236
1424.8 5 3.75 0.018
1424.8 36 2.684 0.531
1425 70 3.003 -0.224
1425 5 3.768 0.016
1425 36 2.686 0.531
1425.3 70 3.023 -0.222
1425.3 5 3.789 0.013
1425.3 36 2.686 0.531
1425.5 70 3.009 -0.236
1425.5 5 3.81 0.008
1425.5 36 2.684 0.531
1425.7 70 3.023 -0.222
1425.7 5 3.817 0.001
1425.7 36 2.682 0.531
1426 70 3.023 -0.222
1426 5 3.807 0
1426 36 2.683 0.531
1426.2 70 3.018 -0.223
1426.2 5 3.817 0.001
1426.2 36 2.684 0.531
1426.4 70 3.026 -0.223
1426.4 5 3.827 -0.004
1426.4 36 2.684 0.531
1426.7 70 3.018 -0.223
1426.7 5 3.855 -0.01
1426.7 36 2.684 0.531
1426.9 70 3.013 -0.222
1426.9 5 3.868 -0.015
1426.9 36 2.68 0.531
1427.1 70 3.026 -0.223
1427.1 5 3.868 -0.018
1427.1 36 2.683 0.531
1427.4 70 3.013 -0.222
1427.4 5 3.919 -0.025
1427.4 36 2.681 0.531
1427.6 70 3.018 -0.223
1427.6 5 3.919 -0.028
1427.6 36 2.683 0.531
1427.9 70 3.003 -0.222
1427.9 5 3.902 -0.025
1427.9 36 2.682 0.531
1428.1 36 2.682 0.531
1428.3 36 2.683 0.531
1428.6 36 2.679 0.531
1428.8 70 3.033 -0.223
1428.8 5 3.919 -0.042
1428.8 36 2.683 0.531
1429.1 36 2.681 0.531
1429.3 36 2.684 0.531
1429.5 70 3.003 -0.223
1429.5 5 3.946 -0.054
1429.5 36 2.682 0.531
1429.8 70 3.026 -0.223
1429.8 5 3.962 -0.058
1429.8 36 2.683 0.531
1430 70 3.003 -0.222
1430 5 3.973 -0.062
1430 36 2.684 0.531
1430.2 70 3.003 -0.222
1430.2 5 3.973 -0.067
1430.2 36 2.678 0.531
1430.5 70 3.003 -0.223
1430.5 5 3.955 -0.068
1430.5 36 2.684 0.531
1430.7 70 3.003 -0.223
1430.7 5 3.973 -0.073
1430.7 36 2.682 0.531
1431 70 3.027 -0.236
1431 5 3.973 -0.077
1431 36 2.681 0.531
1431.2 5 3.973 -0.081
1431.2 36 2.683 0.53
1431.4 36 2.685 0.531
1431.7 70 3.026 -0.223
1431.7 5 3.973 -0.084
1431.7 36 2.681 0.531
1431.9 70 3.033 -0.223
1431.9 5 4.028 -0.096
1431.9 36 2.683 0.531
1432.1 70 3.026 -0.236
1432.1 5 4.028 -0.097
1432.1 36 2.68 0.531
1432.4 70 3.003 -0.223
1432.4 5 4.009 -0.097
1432.4 36 2.68 0.531
1432.6 70 3.009 -0.236
1432.6 5 4.028 -0.103
1432.6 36 2.68 0.531
1432.8 70 3.003 -0.223
1432.8 5 4.028 -0.109
1432.8 36 2.681 0.531
1433.1 70 3.003 -0.223
1433.1 5 4.017 -0.111
1433.1 36 2.68 0.531
1433.3 70 3.009 -0.236
1433.3 5 4.028 -0.116
1433.3 36 2.68 0.531
1433.6 36 2.679 0.531
1433.8 70 3.027 -0.236
1433.8 5 4.028 -0.122
1433.8 36 2.679 0.531
1434 5 4.028 -0.127
1434 36 2.678 0.531
1434.3 36 2.679 0.531
1434.5 5 4.028 -0.135
1434.5 36 2.679 0.531
1434.7 36 2.68 0.531
1435 36 2.684 0.531
1435.2 36 2.68 0.531
1435.4 36 2.682 0.531
1435.7 36 2.68 0.531
1435.9 36 2.679 0.53
1436.1 36 2.682 0.531
1436.4 5 4.028 -0.17
1436.4 36 2.684 0.531
1436.6 36 2.682 0.531
1436.8 36 2.682 0.531
1437.1 36 2.684 0.531
1437.3 36 2.683 0.531
1437.5 36 2.679 0.531
1437.8 36 2.679 0.531
1438 36 2.683 0.531
1438.3 36 2.68 0.531
1438.5 36 2.683 0.53
1438.7 36 2.681 0.531
1439 36 2.682 0.531
1439.2 36 2.682 0.531
1439.5 36 2.685 0.531
1439.7 36 2.682 0.53
1439.9 36 2.683 0.531
1440.2 36 2.681 0.531
1440.4 36 2.684 0.531
1440.6 36 2.679 0.531
1440.9 36 2.683 0.531
1441.1 36 2.679 0.53
1441.3 36 2.679 0.531
1441.6 36 2.68 0.531
1441.8 36 2.683 0.531
1442 36 2.684 0.531
1442.3 36 2.682 0.531
1442.5 36 2.68 0.531
1442.7 36 2.682 0.531
1443 36 2.679 0.531
1443.2 36 2.678 0.531
1443.5 36 2.685 0.531
1443.7 36 2.683 0.531
1443.9 36 2.681 0.53
1444.2 36 2.683 0.531
1444.4 70 3.003 -0.223
1444.4 36 2.683 0.531
1444.7 70 3.003 -0.223
1444.7 36 2.68 0.531
1444.9 70 3.009 -0.236
1444.9 36 2.68 0.531
1445.1 70 3.027 -0.236
1445.1 36 2.683 0.531
1445.4 70 3.015 -0.236
1445.4 36 2.681 0.531
1445.6 36 2.679 0.531
1445.8 36 2.681 0.531
1446.1 36 2.679 0.531
1446.3 36 2.678 0.531
1446.5 36 2.683 0.531
1446.8 36 2.682 0.531
1447 36 2.679 0.531
1447.3 36 2.682 0.531
1447.5 36 2.682 0.531
1447.7 36 2.682 0.531
1448 36 2.681 0.531
1448.2 36 2.678 0.531
1448.4 70 3.009 -0.236
1448.4 36 2.68 0.531
1448.7 36 2.678 0.531
1448.9 36 2.678 0.531
1449.2 36 2.679 0.531
1449.4 36 2.683 0.53
1449.6 70 3.008 -0.236
1449.6 36 2.679 0.53
1449.9 36 2.681 0.531
1450.1 36 2.681 0.53
1450.3 70 3.013 -0.236
1450.3 36 2.681 0.531
1450.6 36 2.678 0.531
1450.8 36 2.679 0.531
1451.1 36 2.679 0.531
1451.3 36 2.68 0.531
1451.5 36 2.681 0.531
1451.8 36 2.682 0.531
1452 36 2.679 0.531
1452.2 36 2.682 0.531
1452.5 36 2.678 0.531
1452.7 36 2.679 0.531
1452.9 36 2.68 0.531
1453.1 36 2.678 0.53
1453.4 36 2.676 0.53
1453.6 36 2.676 0.531
1453.8 36 2.679 0.531
1454.1 36 2.679 0.531
1454.3 36 2.683 0.53
1454.5 36 2.678 0.531
1454.8 36 2.68 0.531
1455 36 2.679 0.531
1455.2 36 2.679 0.531
1455.5 36 2.682 0.53
1455.7 36 2.677 0.531
1455.9 36 2.678 0.531
1456.2 36 2.678 0.531
1456.4 36 2.679 0.531
1456.6 36 2.678 0.531
1456.9 36 2.679 0.531
1457.1 36 2.679 0.531
1457.3 70 3.003 -0.223
1457.3 36 2.679 0.531
1457.6 70 3.01 -0.237
1457.6 36 2.68 0.531
1457.8 36 2.679 0.531
1458 36 2.68 0.531
1458.3 36 2.679 0.531
1458.5 36 2.68 0.53
1458.8 36 2.677 0.531
1459 36 2.679 0.531
1459.2 36 2.679 0.531
1459.5 36 2.679 0.53
1459.7 36 2.679 0.531
1460 36 2.684 0.531
1460.2 36 2.683 0.53
1460.4 36 2.68 0.531
1460.7 36 2.678 0.531
1460.9 36 2.681 0.531
1461.1 36 2.68 0.531
1461.4 36 2.678 0.531
1461.6 36 2.678 0.531
1461.8 36 2.679 0.531
1462.1 36 2.679 0.53
1462.3 36 2.678 0.531
1462.5 36 2.682 0.531
1462.8 36 2.679 0.531
1463 36 2.681 0.531
1463.2 36 2.682 0.531
1463.5 36 2.678 0.531
1463.7 36 2.68 0.53
1463.9 36 2.678 0.531
1464.1 36 2.68 0.531
1464.4 36 2.681 0.53
1464.6 36 2.679 0.531
1464.8 36 2.679 0.531
1465.1 36 2.68 0.531
1465.3 36 2.679 0.531
1465.5 36 2.68 0.531
1465.8 36 2.679 0.531
1466 36 2.679 0.531
1466.2 36 2.682 0.531
1466.5 36 2.682 0.531
1466.7 36 2.678 0.53
1466.9 36 2.679 0.531
1467.2 36 2.677 0.531
1467.4 36 2.677 0.531
1467.6 36 2.678 0.531
1467.9 36 2.679 0.531
1468.1 36 2.678 0.531
1468.3 36 2.678 0.531
1468.6 36 2.679 0.531
1468.8 36 2.681 0.531
1469.1 36 2.683 0.53
1469.3 36 2.678 0.531
1469.5 36 2.679 0.531
1469.8 36 2.679 0.531
1470 36 2.682 0.531
1470.2 36 2.677 0.531
1470.5 36 2.677 0.531
1470.7 36 2.679 0.531
1470.9 36 2.678 0.531
1471.1 36 2.678 0.531
1471.4 36 2.68 0.531
1471.6 36 2.679 0.531
1471.8 36 2.68 0.53
1472.1 36 2.676 0.531
1472.3 36 2.679 0.531
1472.5 70 3.003 -0.223
1472.5 36 2.681 0.531
1472.8 36 2.679 0.531
1473 36 2.678 0.531
1473.2 36 2.68 0.531
1473.5 36 2.678 0.531
1473.7 36 2.677 0.531
1473.9 36 2.678 0.531
1474.2 36 2.679 0.531
1474.4 36 2.677 0.531
1474.6 70 3.009 -0.236
1474.6 36 2.68 0.531
1474.9 70 3.008 -0.236
1474.9 36 2.682 0.531
1475.1 70 3.003 -0.224
1475.1 36 2.679 0.531
1475.4 70 3.009 -0.236
1475.4 36 2.679 0.531
1475.6 70 3.008 -0.236
1475.6 36 2.679 0.531
1475.8 36 2.675 0.531
1476.1 36 2.682 0.53
1476.3 36 2.679 0.531
1476.6 36 2.676 0.531
1476.8 36 2.679 0.531
1477 36 2.678 0.531
1477.3 36 2.678 0.53
1477.5 36 2.68 0.531
1477.7 36 2.676 0.531
1478 36 2.679 0.531
1478.2 36 2.682 0.531
1478.4 36 2.675 0.531
1478.7 36 2.677 0.531
1478.9 36 2.679 0.531
1479.2 36 2.679 0.531
1479.4 36 2.679 0.53
1479.6 36 2.677 0.531
1479.9 36 2.679 0.531
1480.1 36 2.679 0.531
1480.3 36 2.679 0.53
1480.6 36 2.679 0.531
1480.8 36 2.678 0.531
1481 36 2.682 0.531
1481.3 36 2.679 0.531
1481.5 70 3.007 -0.236
1481.5 36 2.679 0.531
1481.7 36 2.679 0.531
1482 36 2.679 0.531
1482.2 36 2.679 0.531
1482.4 36 2.679 0.531
1482.7 36 2.679 0.531
1482.9 36 2.678 0.531
1483.2 36 2.678 0.531
1483.4 36 2.679 0.531
1483.6 36 2.68 0.53
1483.9 36 2.68 0.531
1484.1 36 2.679 0.531
1484.3 36 2.679 0.531
1484.6 36 2.677 0.531
1484.8 36 2.679 0.531
1485.1 36 2.679 0.531
1485.3 36 2.677 0.53
1485.5 36 2.678 0.531
1485.8 36 2.678 0.531
1486 36 2.679 0.531
1486.2 36 2.681 0.53
1486.5 36 2.678 0.531
1486.7 36 2.679 0.531
1486.9 36 2.681 0.531
1487.2 36 2.68 0.531
1487.4 36 2.679 0.531
1487.6 36 2.678 0.529
1487.9 36 2.677 0.53
1488.1 36 2.672 0.529
1488.4 36 2.673 0.53
1488.6 36 2.674 0.53
1488.8 36 2.675 0.529
1489.1 36 2.673 0.53
1489.3 36 2.675 0.53
1489.5 36 2.672 0.53
1489.8 36 2.673 0.53
1490 36 2.672 0.53
1490.3 36 2.672 0.53
1490.5 36 2.676 0.529
1490.7 36 2.672 0.529
1491 36 2.677 0.53
1491.2 36 2.673 0.529
1491.4 36 2.678 0.529
1491.7 36 2.672 0.53
1491.9 36 2.672 0.531
1492.1 36 2.672 0.529
1492.4 36 2.673 0.53
1492.6 36 2.672 0.529
1492.8 36 2.674 0.53
1493.1 36 2.672 0.529
1493.3 36 2.672 0.53
1493.5 36 2.673 0.529
1493.8 36 2.673 0.529
1494 36 2.673 0.529
1494.2 36 2.672 0.529
1494.5 36 2.671 0.53
1494.7 36 2.671 0.53
1495 36 2.67 0.53
1495.2 36 2.676 0.53
1495.4 36 2.672 0.53
1495.7 36 2.673 0.529
1495.9 36 2.672 0.53
1496.1 36 2.673 0.529
1496.4 36 2.672 0.53
1496.6 36 2.673 0.53
1496.8 36 2.674 0.53
1497.1 36 2.674 0.53
1497.3 36 2.673 0.53
1497.5 36 2.673 0.529
1497.8 36 2.672 0.53
1498 36 2.673 0.53
1498.2 36 2.673 0.529
1498.5 36 2.675 0.529
1498.7 36 2.672 0.53
1499 36 2.672 0.53
1499.2 14 1.839 -0.089
1499.2 36 2.672 0.529
1499.4 14 1.85 -0.084
1499.4 36 2.674 0.53
1499.7 36 2.673 0.53
1499.9 36 2.673 0.53
