-43.3 41 2.589 0.231
-43.3 63 3.458 0.345
-43.08 63 3.452 0.351
-42.86 63 3.452 0.351
-42.62 63 3.444 0.352
-42.4 63 3.446 0.356
-42.16 63 3.45 0.353
-41.92 63 3.446 0.353
-41.7 63 3.452 0.353
-41.46 63 3.444 0.352
-41.24 63 3.443 0.355
-41 63 3.444 0.355
-40.76 41 2.584 0.227
-40.76 63 3.439 0.356
-40.54 41 2.587 0.226
-40.52 63 3.448 0.355
-40.3 41 2.582 0.227
-40.3 63 3.446 0.353
-40.06 41 2.58 0.226
-40.06 63 3.448 0.353
-39.82 41 2.585 0.226
-39.82 63 3.447 0.353
-39.66 63 3.447 0.353
-39.5 63 3.447 0.353
-39.28 63 3.458 0.354
-39.04 63 3.44 0.355
-38.82 63 3.45 0.353
-38.58 63 3.448 0.346
-38.34 63 3.458 0.353
-38.12 41 2.584 0.227
-38.12 63 3.448 0.352
-37.88 41 2.584 0.227
-37.88 63 3.447 0.351
-37.64 41 2.584 0.227
-37.64 63 3.449 0.352
-37.4 41 2.582 0.227
-37.4 63 3.438 0.351
-37.18 41 2.582 0.227
-37.18 63 3.434 0.351
-36.94 41 2.587 0.226
-36.94 63 3.458 0.353
-36.7 41 2.587 0.227
-36.7 63 3.447 0.353
-36.48 41 2.589 0.227
-36.48 63 3.453 0.353
-36.24 41 2.58 0.226
-36.24 63 3.45 0.355
-36.08 41 2.58 0.226
-36.08 63 3.45 0.355
-35.9 41 2.58 0.226
-35.9 63 3.45 0.355
-35.64 41 2.582 0.227
-35.64 63 3.448 0.354
-35.42 63 3.429 0.356
-35.16 41 2.583 0.226
-35.16 63 3.453 0.353
-34.94 41 2.589 0.227
-34.94 63 3.45 0.353
-34.7 41 2.585 0.226
-34.7 63 3.452 0.353
-34.46 41 2.584 0.227
-34.46 63 3.443 0.356
-34.24 41 2.589 0.226
-34.24 63 3.449 0.354
-34 41 2.583 0.226
-34 63 3.443 0.354
-33.76 41 2.583 0.226
-33.76 63 3.447 0.354
-33.54 41 2.582 0.227
-33.54 63 3.448 0.355
-33.3 41 2.583 0.226
-33.3 63 3.446 0.353
-33.06 41 2.581 0.227
-33.06 63 3.449 0.353
-32.84 41 2.585 0.226
-32.84 63 3.446 0.353
-32.6 41 2.582 0.226
-32.6 63 3.453 0.353
-32.36 41 2.587 0.227
-32.36 63 3.449 0.353
-32.12 41 2.582 0.227
-32.12 63 3.45 0.353
-31.9 41 2.583 0.226
-31.9 63 3.45 0.353
-31.66 41 2.583 0.226
-31.66 63 3.448 0.354
-31.42 41 2.589 0.227
-31.42 63 3.453 0.355
-31.2 41 2.584 0.227
-31.2 63 3.448 0.354
-30.96 41 2.589 0.226
-30.96 63 3.454 0.353
-30.72 41 2.587 0.227
-30.72 63 3.444 0.353
-30.48 41 2.583 0.226
-30.48 63 3.447 0.355
-30.26 41 2.584 0.227
-30.26 63 3.443 0.353
-30.02 63 3.438 0.353
-29.78 41 2.583 0.226
-29.78 63 3.444 0.355
-29.54 63 3.452 0.355
-29.3 41 2.584 0.227
-29.3 63 3.458 0.353
-29.06 41 2.58 0.226
-29.06 63 3.444 0.355
-28.82 63 3.458 0.354
-28.58 63 3.453 0.356
-28.34 41 2.585 0.226
-28.34 63 3.453 0.353
-28.12 41 2.589 0.226
-28.12 63 3.45 0.354
-27.88 41 2.583 0.226
-27.88 63 3.448 0.354
-27.64 41 2.583 0.226
-27.64 63 3.458 0.353
-27.42 41 2.589 0.227
-27.42 63 3.452 0.353
-27.18 63 3.454 0.352
-26.94 63 3.458 0.352
-26.7 63 3.446 0.353
-26.46 63 3.45 0.354
-26.22 63 3.439 0.356
-25.98 63 3.436 0.354
-25.74 63 3.446 0.355
-25.5 63 3.453 0.355
-25.26 63 3.451 0.353
-25 63 3.446 0.348
-24.76 41 2.583 0.226
-24.76 63 3.44 0.352
-24.52 41 2.584 0.227
-24.52 63 3.454 0.353
-24.28 41 2.582 0.227
-24.28 63 3.439 0.355
-24.04 41 2.585 0.226
-24.04 63 3.452 0.355
-23.82 41 2.584 0.227
-23.82 63 3.458 0.354
-23.58 41 2.584 0.227
-23.58 63 3.454 0.353
-23.34 41 2.589 0.227
-23.34 63 3.45 0.354
-23.1 41 2.589 0.227
-23.1 63 3.442 0.356
-22.88 41 2.584 0.227
-22.88 63 3.458 0.353
-22.64 41 2.58 0.226
-22.64 63 3.438 0.355
-22.4 41 2.58 0.226
-22.4 63 3.439 0.355
-22.18 41 2.582 0.227
-22.18 63 3.439 0.356
-21.94 41 2.579 0.227
-21.94 63 3.455 0.353
-21.7 41 2.589 0.227
-21.7 63 3.449 0.352
-21.46 41 2.587 0.226
-21.46 63 3.45 0.355
-21.24 63 3.451 0.355
-21 63 3.451 0.355
-20.78 63 3.448 0.353
-20.54 63 3.45 0.353
-20.32 63 3.447 0.355
-20.08 63 3.442 0.355
-19.86 63 3.447 0.354
-19.62 63 3.45 0.353
-19.38 63 3.446 0.356
-19.16 63 3.444 0.352
-18.92 63 3.451 0.353
-18.7 63 3.442 0.353
-18.46 63 3.448 0.353
-18.24 63 3.448 0.353
-18 63 3.451 0.353
-17.76 63 3.448 0.354
-17.52 63 3.458 0.353
-17.28 41 2.584 0.227
-17.28 63 3.458 0.348
-17.06 41 2.587 0.226
-17.06 63 3.446 0.355
-16.82 41 2.58 0.226
-16.82 63 3.458 0.353
-16.58 63 3.448 0.353
-16.34 63 3.454 0.353
-16.1 63 3.443 0.353
-15.86 41 2.584 0.227
-15.86 63 3.441 0.353
-15.62 63 3.45 0.356
-15.4 63 3.449 0.353
-15.14 41 2.583 0.226
-15.14 63 3.458 0.348
-14.9 41 2.586 0.227
-14.9 63 3.451 0.353
-14.66 41 2.587 0.227
-14.66 63 3.45 0.355
-14.42 41 2.587 0.227
-14.42 63 3.45 0.353
-14.2 63 3.44 0.352
-13.96 63 3.45 0.352
-13.72 41 2.586 0.227
-13.72 63 3.447 0.355
-13.48 63 3.454 0.355
-13.22 63 3.454 0.354
-13 63 3.44 0.349
-12.76 63 3.446 0.355
-12.52 63 3.443 0.353
-12.3 63 3.449 0.353
-12.06 63 3.458 0.354
-11.82 63 3.447 0.354
-11.6 63 3.45 0.354
-11.36 63 3.458 0.353
-11.14 41 2.589 0.226
-11.14 63 3.449 0.354
-10.9 41 2.585 0.226
-10.9 63 3.444 0.356
-10.66 41 2.585 0.226
-10.66 63 3.443 0.353
-10.42 41 2.582 0.227
-10.42 63 3.442 0.355
-10.2 41 2.589 0.227
-10.2 63 3.458 0.352
-9.96 63 3.452 0.355
-9.72 41 2.583 0.226
-9.72 63 3.441 0.355
-9.48 41 2.585 0.226
-9.48 63 3.45 0.354
-9.24 41 2.582 0.227
-9.24 63 3.446 0.353
-9.02 41 2.584 0.227
-9.02 63 3.45 0.353
-8.78 41 2.583 0.226
-8.78 63 3.454 0.353
-8.56 41 2.584 0.227
-8.56 63 3.449 0.353
-8.32 41 2.587 0.227
-8.32 63 3.445 0.355
-8.08 41 2.584 0.227
-8.08 63 3.447 0.353
-7.84 63 3.448 0.353
-7.62 63 3.446 0.353
-7.38 63 3.458 0.355
-7.14 41 2.584 0.227
-7.14 63 3.454 0.353
-6.9 41 2.582 0.227
-6.9 63 3.458 0.353
-6.68 63 3.449 0.353
-6.44 63 3.453 0.354
-6.2 41 2.577 0.227
-6.2 63 3.443 0.354
-5.96 41 2.58 0.226
-5.96 63 3.436 0.353
-5.74 41 2.582 0.227
-5.74 63 3.458 0.353
-5.5 63 3.458 0.354
-5.26 41 2.582 0.227
-5.26 63 3.442 0.349
-5.02 41 2.585 0.229
-5.02 63 3.458 0.347
-4.78 41 2.578 0.231
-4.78 63 3.458 0.348
-4.54 63 3.458 0.346
-4.3 41 2.585 0.229
-4.3 63 3.458 0.353
-4.06 41 2.577 0.228
-4.06 63 3.458 0.346
-3.82 41 2.577 0.228
-3.82 63 3.458 0.348
-3.6 41 2.578 0.227
-3.6 63 3.458 0.345
-3.36 41 2.573 0.228
-3.36 63 3.458 0.348
-3.12 63 3.45 0.348
-2.88 63 3.444 0.35
-2.66 41 2.589 0.228
-2.66 63 3.453 0.347
-2.42 41 2.584 0.227
-2.42 63 3.454 0.351
-2.18 41 2.584 0.227
-2.18 63 3.448 0.351
-1.96 41 2.582 0.227
-1.94 63 3.445 0.351
-1.72 41 2.587 0.227
-1.72 63 3.441 0.351
-1.48 41 2.582 0.227
-1.48 63 3.44 0.352
-1.24 63 3.444 0.35
-1.02 63 3.449 0.351
-0.78 63 3.438 0.351
-0.54 63 3.45 0.351
-0.3 41 2.577 0.227
-0.3 63 3.458 0.351
-0.06 41 2.58 0.228
-0.06 63 3.453 0.353
0.18 41 2.582 0.227
0.18 63 3.446 0.351
0.42 63 3.452 0.351
0.64 63 3.454 0.351
0.88 63 3.458 0.351
1.1 63 3.458 0.351
1.34 63 3.458 0.351
1.56 63 3.438 0.346
1.8 63 3.446 0.346
2.04 63 3.453 0.351
2.26 63 3.458 0.351
2.5 63 3.453 0.351
2.72 63 3.458 0.343
2.96 63 3.458 0.352
3.18 63 3.418 0.339
3.42 63 3.458 0.345
3.64 41 2.573 0.228
3.64 63 3.458 0.353
3.88 63 3.451 0.35
4.1 63 3.458 0.346
4.34 63 3.444 0.351
4.56 63 3.458 0.343
4.8 63 3.458 0.352
5.04 63 3.458 0.344
5.26 63 3.458 0.354
5.5 63 3.458 0.345
5.74 41 2.576 0.229
5.74 63 3.458 0.349
5.96 63 3.458 0.351
6.2 63 3.45 0.343
6.42 63 3.451 0.355
6.66 63 3.438 0.342
6.9 63 3.458 0.346
7.12 63 3.458 0.344
7.36 63 3.458 0.35
7.58 63 3.458 0.346
7.82 63 3.45 0.344
8.04 63 3.458 0.353
8.28 63 3.458 0.351
8.5 63 3.454 0.35
8.74 63 3.455 0.351
8.96 63 3.442 0.35
9.2 63 3.443 0.352
9.42 63 3.446 0.351
9.66 63 3.444 0.35
9.9 63 3.444 0.352
10.12 63 3.436 0.352
10.36 63 3.452 0.351
10.58 63 3.441 0.353
10.82 63 3.435 0.351
11.04 63 3.452 0.351
11.28 63 3.445 0.35
11.52 63 3.446 0.352
11.74 63 3.434 0.356
11.98 63 3.453 0.355
12.2 63 3.436 0.353
12.44 63 3.458 0.354
12.68 63 3.458 0.355
12.9 41 2.574 0.227
12.9 63 3.458 0.346
13.14 41 2.577 0.228
13.14 63 3.458 0.346
13.36 41 2.58 0.228
13.36 63 3.458 0.346
13.6 41 2.581 0.227
13.6 63 3.458 0.347
13.84 41 2.578 0.227
13.84 63 3.444 0.343
14.06 41 2.578 0.229
14.06 63 3.458 0.343
14.3 41 2.578 0.229
14.3 63 3.458 0.348
14.54 41 2.58 0.227
14.54 63 3.458 0.348
14.76 41 2.589 0.231
14.76 63 3.451 0.355
15 41 2.585 0.228
15 63 3.458 0.355
15.24 41 2.574 0.228
15.24 63 3.458 0.351
15.46 41 2.57 0.227
15.7 41 2.577 0.227
15.7 63 3.458 0.348
15.94 41 2.586 0.228
15.94 63 3.458 0.346
16.16 41 2.578 0.229
16.16 63 3.458 0.348
16.4 41 2.582 0.228
16.4 63 3.458 0.348
16.64 41 2.573 0.228
16.64 63 3.458 0.348
16.88 63 3.458 0.354
17.12 63 3.458 0.354
17.36 41 2.577 0.227
17.36 63 3.458 0.353
17.58 41 2.582 0.228
17.58 63 3.458 0.348
17.82 41 2.585 0.227
17.82 63 3.458 0.346
18.06 41 2.578 0.228
18.06 63 3.458 0.354
18.3 41 2.58 0.229
18.3 63 3.458 0.362
18.52 41 2.567 0.227
18.52 63 3.458 0.346
18.76 41 2.578 0.231
18.76 63 3.458 0.347
18.98 41 2.58 0.228
18.98 63 3.458 0.353
19.22 41 2.589 0.231
19.22 63 3.458 0.348
19.46 41 2.578 0.227
19.46 63 3.458 0.347
19.68 41 2.578 0.227
19.68 63 3.458 0.352
19.92 41 2.58 0.228
19.92 63 3.458 0.353
20.16 41 2.578 0.227
20.16 63 3.458 0.355
20.38 41 2.583 0.228
20.38 63 3.458 0.354
20.62 41 2.589 0.231
20.62 63 3.458 0.351
20.86 41 2.578 0.227
20.86 63 3.458 0.348
21.08 41 2.589 0.231
21.08 63 3.458 0.347
21.32 41 2.583 0.228
21.32 63 3.458 0.347
21.56 41 2.58 0.227
21.56 63 3.458 0.353
21.78 41 2.585 0.228
21.78 63 3.458 0.346
22.02 41 2.58 0.227
22.02 63 3.458 0.347
22.24 41 2.581 0.227
22.24 63 3.458 0.346
22.48 41 2.581 0.227
22.48 63 3.458 0.362
22.72 41 2.582 0.227
22.72 63 3.458 0.346
22.96 41 2.58 0.228
22.96 63 3.444 0.351
23.18 41 2.585 0.227
23.18 63 3.451 0.346
23.42 63 3.448 0.347
23.66 41 2.584 0.227
23.66 63 3.438 0.351
23.9 41 2.586 0.228
23.9 63 3.458 0.351
24.14 41 2.584 0.231
24.14 63 3.424 0.346
24.36 41 2.585 0.229
24.36 63 3.458 0.348
24.6 41 2.583 0.228
24.6 63 3.458 0.348
24.84 41 2.585 0.228
24.84 63 3.458 0.353
25.06 63 3.458 0.347
25.32 63 3.458 0.347
25.52 63 3.458 0.354
25.74 63 3.458 0.348
25.96 63 3.458 0.353
26.18 63 3.458 0.346
26.4 63 3.458 0.347
26.62 63 3.458 0.346
26.84 63 3.458 0.348
27.06 63 3.458 0.348
27.28 63 3.458 0.354
27.5 63 3.458 0.346
27.7 63 3.444 0.349
27.92 63 3.458 0.347
28.14 63 3.458 0.346
28.36 63 3.458 0.348
28.58 63 3.458 0.348
28.8 63 3.458 0.348
29.02 41 2.573 0.227
29.02 63 3.458 0.346
29.24 63 3.458 0.348
29.46 63 3.458 0.347
29.68 63 3.458 0.348
29.9 63 3.458 0.347
30.14 41 2.574 0.229
30.14 63 3.458 0.349
30.36 41 2.578 0.231
30.36 63 3.458 0.346
30.58 41 2.58 0.228
30.58 63 3.458 0.348
30.8 63 3.44 0.355
31.02 63 3.458 0.346
31.24 63 3.45 0.348
31.46 63 3.45 0.348
31.68 63 3.458 0.348
31.92 63 3.458 0.346
32.14 63 3.458 0.355
32.36 63 3.444 0.35
32.58 63 3.458 0.348
32.8 63 3.458 0.349
33.02 63 3.458 0.354
33.26 63 3.458 0.346
33.48 63 3.458 0.348
33.92 41 2.546 0.236
35.04 63 3.231 0.358
35.5 41 2.314 0.253
36.58 16 2.053 -0.086
38.08 63 3.303 0.145
39.4 41 2.246 -0.09
39.4 63 3.231 0.041
39.62 63 3.202 0.043
39.62 5 3.196 0.394
39.84 41 2.168 -0.096
39.84 63 3.166 0.039
39.84 5 3.176 0.399
40.06 63 3.133 0.037
40.06 5 3.154 0.4
41.56 25 2.08 0.412
42.42 25 2.053 0.444
43.72 45 4.916 0.037
43.94 5 3.196 -0.124
44.16 45 4.833 0.034
44.38 45 4.762 0.038
44.6 45 4.769 0.041
44.82 5 3.065 -0.124
45.04 45 4.754 0.041
45.26 45 4.677 0.049
45.48 5 2.973 -0.13
45.72 45 4.602 0.049
46.16 45 4.53 0.05
46.6 45 4.426 0.041
47.04 45 4.393 0.047
47.26 45 4.346 0.045
47.48 45 4.393 0.045
47.7 5 2.611 -0.149
47.92 45 4.295 0.053
48.14 45 4.264 0.045
48.36 45 4.202 0.043
49 5 2.421 -0.158
49.24 45 4.028 0.047
49.68 45 3.986 0.049
49.88 5 2.27 -0.169
50.1 45 3.919 0.059
50.32 5 2.214 -0.172
50.32 45 3.919 0.059
50.56 5 2.183 -0.177
50.78 5 2.138 -0.18
51 45 3.773 0.053
51.22 45 3.727 0.055
51.44 45 3.72 0.057
51.66 45 3.68 0.055
51.88 45 3.674 0.053
52.1 45 3.601 0.054
52.32 45 3.628 0.058
52.54 45 3.541 0.055
52.76 45 3.514 0.057
52.98 45 3.52 0.065
53.2 45 3.433 0.057
53.4 45 3.418 -0.016
54.26 36 3.231 0.452
54.48 36 3.196 0.438
54.7 36 3.17 0.438
54.92 36 3.139 0.444
55.14 36 3.109 0.449
55.58 36 3.047 0.454
55.78 36 3.162 0.307
56.42 36 3.231 0.041
56.64 18 4.415 0.542
56.86 18 4.393 0.543
57.08 18 4.343 0.546
57.3 18 4.327 0.548
57.52 36 3.04 0.03
57.74 18 4.264 0.562
57.96 36 2.997 0.03
58.18 36 2.956 0.031
58.4 18 4.142 0.57
58.62 18 4.084 0.572
59.06 36 2.832 0.034
59.28 36 2.792 0.032
59.5 36 2.76 0.032
59.72 36 2.733 0.032
60.16 36 2.642 0.036
60.38 36 2.62 0.035
60.6 36 2.592 0.035
60.82 36 2.55 0.036
61.04 36 2.512 0.037
61.26 36 2.485 0.037
61.46 36 2.461 0.04
61.68 36 2.401 0.039
61.9 36 2.385 0.04
62.12 36 2.339 0.039
62.34 36 2.308 -0.038
63.62 18 4.142 0.015
63.84 18 4.084 0.015
64.26 18 3.995 0.013
64.48 90 6.329 0.21
64.7 18 3.973 0.017
65.34 90 6.191 0.214
65.56 18 3.817 0.024
65.78 18 3.792 0.021
66 18 3.768 0.025
66.22 90 6.06 0.224
68.54 70 4.754 0.301
68.74 70 4.754 0.292
68.96 70 4.736 0.289
69.18 70 4.677 0.289
69.4 70 4.653 0.293
69.6 70 4.658 0.297
69.82 72 3.674 0.038
70.04 72 3.628 0.037
70.46 70 4.495 0.303
70.9 70 4.404 0.311
71.1 70 4.349 0.314
71.54 70 4.316 0.314
71.74 70 4.317 0.315
71.96 70 4.273 0.318
72.18 70 4.222 0.321
73.44 61 2.915 0.57
74.08 61 2.832 0.572
77.92 61 2.6 0.418
78.34 61 2.529 0.433
79.62 61 2.549 0.109
80.04 61 2.475 0.106
80.26 61 2.454 0.106
80.48 61 2.418 0.107
80.92 61 2.35 0.109
81.12 61 2.326 0.113
81.34 61 2.285 0.117
81.56 61 2.246 0.125
81.78 61 2.222 0.12
87.54 61 1.66 0.307
87.76 61 1.644 0.289
87.98 61 1.604 0.301
88.2 61 1.565 0.3
88.42 61 1.525 0.318
88.86 61 1.47 0.321
89.08 61 1.438 0.327
89.5 61 1.378 0.324
92.28 70 2.253 -0.179
92.72 70 2.23 0.043
92.92 70 2.183 0.157
95.08 81 4.327 -0.107
95.96 81 4.155 -0.102
95.96 54 3.973 0.417
96.4 54 3.919 0.422
96.62 54 3.919 0.425
97.94 54 3.674 0.447
98.58 54 3.584 0.46
99.02 54 3.541 0.464
99.24 54 3.499 0.469
99.44 54 3.442 0.475
99.88 54 3.379 0.481
100.52 27 5.697 0.109
100.96 54 3.231 0.504
102.04 54 3.065 0.529
102.68 27 5.376 0.111
103.56 27 5.376 0.102
103.78 54 2.891 0.547
104 54 2.887 0.544
104.66 27 5.277 0.088
105.76 27 5.182 0.055
107.5 54 3.036 -0.07
107.72 54 3.021 -0.073
107.94 54 2.979 -0.077
108.58 54 2.889 -0.077
109.02 54 2.812 -0.081
109.44 54 2.754 -0.084
109.88 54 2.686 -0.087
110.1 54 2.657 -0.084
110.32 54 2.611 -0.088
110.52 54 2.589 -0.09
110.74 54 2.534 -0.089
111.82 54 2.386 -0.096
112.04 54 2.353 -0.099
112.26 54 2.303 -0.095
112.46 54 2.284 -0.098
114.58 27 4.142 0.04
115 27 4.084 0.047
115.66 27 3.973 0.053
115.88 27 3.919 0.055
116.08 27 3.919 0.051
116.72 27 3.817 0.053
116.94 27 3.733 0.055
117.16 27 3.72 0.058
117.38 27 3.72 0.057
117.8 27 3.631 0.061
118.02 27 3.602 0.057
118.22 27 3.584 0.055
118.44 27 3.541 0.061
119.08 27 3.458 0.057
119.5 27 3.386 0.058
121.22 27 3.096 0.066
122.06 27 2.973 0.075
122.7 27 2.878 0.072
122.92 27 2.839 0.079
123.36 27 2.782 0.076
123.56 27 2.757 0.074
125.06 27 2.525 0.083
126.34 27 2.32 0.088
128.06 27 2.061 0.104
128.5 27 2.003 0.117
128.92 27 1.927 0.116
129.58 27 1.835 0.128
132.14 7 3.096 -0.188
132.36 7 3.101 -0.072
132.58 7 3.096 0.05
132.8 7 3.033 0.155
133.02 7 2.973 0.226
134.76 7 2.405 0.567
135.2 41 1.496 -0.07
135.4 41 1.47 -0.071
136.06 7 2.297 0.553
136.48 7 2.467 0.319
136.7 7 2.504 0.212
136.94 7 2.525 0.041
137.16 7 2.483 -0.073
142.48 7 1.761 -0.083
142.9 7 1.692 0.173
143.12 7 1.579 0.365
143.34 7 1.553 0.374
143.56 7 1.514 0.393
143.78 7 1.478 0.405
144 7 1.452 0.416
144.22 7 1.399 0.432
144.44 7 1.373 0.441
144.66 7 1.343 0.449
144.88 7 1.314 0.457
145.1 7 1.281 0.466
145.32 7 1.249 0.466
145.54 7 1.234 0.466
145.76 7 1.179 0.5
145.98 7 1.164 0.496
146.2 7 1.141 0.497
146.42 7 1.098 0.515
150.8 90 2.405 -0.031
151.02 90 2.35 0.144
151.22 90 2.28 0.262
151.44 90 2.198 0.371
151.64 90 2.08 0.479
153.56 72 4.677 -0.034
154.44 72 4.53 -0.034
154.86 72 4.46 -0.033
155.08 72 4.393 -0.036
155.52 72 4.393 -0.04
158.36 72 3.919 -0.052
158.8 72 3.868 -0.051
159.9 72 3.72 -0.054
160.12 72 3.674 -0.056
161 72 3.541 -0.06
161.42 72 3.444 -0.065
161.86 72 3.379 -0.065
162.94 72 3.196 -0.074
163.4 72 3.162 -0.077
163.62 72 3.129 -0.077
164.08 72 3.065 -0.079
164.52 72 2.988 -0.075
164.74 72 2.944 -0.083
164.96 72 2.915 -0.084
165.2 72 2.873 -0.083
165.42 72 2.887 -0.081
176.3 61 5.09 0.454
176.52 61 5.09 0.459
178.66 9 2.183 0.539
179.3 9 2.368 0.21
179.94 18 3.303 0.126
181.02 14 2.033 0.221
181.24 14 1.943 0.251
181.46 14 1.892 0.252
181.68 14 1.878 0.256
182.14 14 1.811 0.272
182.58 14 1.74 0.281
182.8 14 1.7 0.29
183.44 14 1.604 0.299
183.88 14 1.546 0.308
184.1 14 1.505 0.321
184.32 14 1.46 0.335
184.54 14 1.418 0.351
184.76 14 1.381 0.358
184.98 14 1.349 0.363
185.2 14 1.318 0.37
185.62 14 1.298 0.327
186.08 14 1.253 0.285
186.3 14 1.234 0.264
186.5 14 1.213 0.253
186.74 14 1.185 0.256
186.96 14 1.146 0.254
189.4 18 2 -0.084
189.62 18 1.98 0.029
190.28 18 1.881 0.226
190.5 18 1.806 0.351
190.72 18 1.723 0.481
199.4 18 1.871 -0.016
199.62 18 1.848 -0.01
200.5 18 1.69 0.004
200.72 18 1.663 0.001
200.94 18 1.632 0.014
201.16 18 1.584 0.011
205.98 36 3.458 -0.077
206.2 36 3.418 -0.07
207.08 36 3.231 -0.07
208.18 36 3.065 -0.081
208.62 36 3.018 -0.087
209.06 36 2.944 -0.088
209.5 36 2.887 -0.089
214.26 36 2.183 0.307
214.92 36 2.077 0.321
215.12 36 2.049 0.325
215.34 36 2.002 0.33
215.56 36 1.963 0.335
215.78 36 1.963 0.332
216 36 1.892 0.35
216.42 36 1.849 0.356
216.86 36 1.769 0.368
218.38 36 1.532 0.422
218.6 36 1.508 0.426
222.72 18 1.503 0.327
225.82 90 3.768 -0.092
227.88 7 5.697 0.166
229.42 7 5.479 0.172
230.08 7 5.376 0.171
233.14 7 4.916 0.184
234.7 7 4.677 0.185
237.82 7 4.264 0.192
238.7 7 4.084 0.193
239.36 7 4.028 0.198
239.8 7 3.973 0.198
246.22 5 3.72 0.401
246.88 5 3.674 0.413
247.52 81 2.589 0.366
247.72 81 2.567 0.368
247.94 81 2.522 0.388
248.36 54 4.327 0.428
248.8 54 4.217 0.436
249.64 54 4.142 0.45
251.34 81 2.018 0.443
253.88 54 3.464 0.512
253.88 81 1.623 0.535
254.54 81 1.535 0.561
254.76 54 3.34 0.529
254.76 81 1.507 0.571
254.98 54 3.285 0.529
255.84 54 3.174 0.546
256.52 54 3.071 0.563
256.74 54 3.042 0.558
256.96 54 3.01 0.565
267.34 54 2.368 -0.084
269.94 70 3.868 0.143
270.14 70 3.817 0.15
270.58 70 3.72 0.143
270.8 70 3.72 0.146
271.02 70 3.677 0.145
271.24 70 3.674 0.153
271.46 70 3.6 0.145
271.9 70 3.541 0.147
272.12 70 3.506 0.15
272.58 70 3.458 0.148
272.58 61 5.479 0.407
273.02 61 5.479 0.412
273.46 70 3.322 0.16
273.68 70 3.267 0.16
274.1 70 3.214 0.161
274.98 70 3.069 0.163
275.42 61 5.182 0.425
275.64 61 5.09 0.435
276.1 70 2.915 0.17
276.1 61 5.001 0.441
276.76 61 4.916 0.441
276.98 61 4.916 0.449
277.2 61 4.833 0.452
277.42 61 4.833 0.446
277.64 61 4.833 0.448
277.86 61 4.754 0.453
278.72 70 2.514 0.191
281.58 61 4.264 0.498
282.02 70 2.013 0.227
282.46 61 4.142 0.511
282.9 70 1.855 0.232
283.76 70 1.739 0.246
284 70 1.701 0.253
284.22 70 1.663 0.256
284.9 70 1.564 0.275
284.9 61 3.72 0.547
285.58 61 3.628 0.554
287.08 25 4.243 0.483
287.74 25 4.142 0.479
290.12 25 3.768 0.528
290.34 25 3.72 0.528
303.32 25 2.701 0.159
303.32 5 4.602 0.26
303.56 25 2.64 0.149
303.56 5 4.53 0.252
303.56 41 2.499 0.543
303.78 25 2.626 0.148
303.78 5 4.53 0.242
303.78 36 4.53 0.524
303.78 41 2.463 0.551
304 25 2.567 0.133
304.24 25 2.548 0.152
304.68 5 4.393 0.226
304.68 36 4.327 0.534
304.9 36 4.264 0.54
305.12 36 4.264 0.532
305.34 5 4.264 0.209
305.34 36 4.222 0.545
305.58 25 2.353 0.178
305.8 5 4.142 0.2
305.8 36 4.162 0.544
306.02 36 4.084 0.549
306.24 36 4.04 0.565
306.46 36 4.028 0.555
306.7 36 4.084 0.57
306.92 25 2.123 0.181
306.92 36 3.973 0.564
307.14 36 3.919 0.572
309.54 25 1.804 -0.009
310.62 36 4.152 0.154
310.84 36 4.119 0.155
311.06 36 4.142 0.143
311.28 36 4.032 0.154
312.62 18 3.989 0.379
312.62 9 2.728 0.565
312.84 18 3.973 0.38
312.84 9 2.721 0.563
313.06 18 3.937 0.378
313.06 9 2.697 0.567
313.3 18 3.973 0.371
313.3 9 2.681 0.568
313.96 18 3.817 0.392
314.42 18 3.738 0.395
314.64 18 3.711 0.403
314.88 18 3.677 0.407
315.1 18 3.636 0.411
315.32 18 3.624 0.409
315.54 18 3.606 0.407
315.76 18 3.606 0.407
316 18 3.499 0.417
316.24 18 3.463 0.428
316.7 18 3.401 0.436
317.14 18 3.303 0.451
318.9 36 2.747 0.524
319.14 36 2.701 0.531
319.36 36 2.69 0.537
319.56 36 2.638 0.545
319.8 36 2.621 0.552
320 36 2.56 0.558
320.22 36 2.538 0.564
320.66 36 2.477 0.565
320.88 23 2.321 0.001
321.1 23 2.28 0.016
321.32 23 2.246 0.032
321.54 45 4.169 -0.106
321.54 23 2.2 0.052
321.78 23 2.183 0.066
322 45 4.084 -0.107
322 23 2.135 0.077
322.22 23 2.109 0.083
322.68 23 2.056 0.085
323.12 23 1.975 0.096
323.36 23 1.929 0.093
323.82 23 1.785 0.127
324.02 45 3.809 -0.115
324.24 23 1.682 0.155
324.7 45 3.72 -0.121
325.14 45 3.631 -0.12
325.78 45 3.541 -0.125
326 45 3.483 -0.124
326.24 45 3.499 -0.135
326.68 45 3.386 -0.129
327.12 45 3.359 -0.142
327.76 45 3.231 -0.133
328.64 45 3.096 -0.151
329.52 45 2.958 -0.151
329.74 45 2.921 -0.147
329.96 45 2.89 -0.154
330.18 45 2.859 -0.151
330.86 45 2.73 -0.164
331.08 45 2.73 -0.165
331.76 45 2.613 -0.167
332.2 45 2.562 -0.172
340.54 45 1.419 0.183
340.96 45 1.313 0.471
348.1 63 1.848 0.019
348.54 63 1.799 0.158
349.44 63 1.637 0.207
350.12 63 1.526 0.224
350.34 63 1.494 0.228
351.24 63 1.358 0.247
351.68 63 1.301 0.258
353 63 1.121 0.269
354.52 16 3.267 -0.145
355.18 16 3.198 -0.04
355.4 16 3.162 -0.041
355.62 16 3.13 -0.037
355.84 16 3.096 -0.036
356.28 16 3.036 -0.037
356.5 16 3.004 -0.037
356.72 16 2.958 -0.038
356.94 16 2.918 -0.042
357.16 16 2.893 -0.037
357.38 16 2.861 -0.043
357.6 16 2.832 -0.039
357.82 16 2.779 -0.042
358.04 16 2.739 -0.043
358.26 16 2.716 -0.045
359.12 16 2.591 -0.041
359.34 16 2.55 -0.046
359.56 16 2.522 -0.045
360 16 2.463 -0.045
360.42 16 2.384 -0.05
360.64 16 2.356 -0.054
360.86 16 2.321 -0.043
361.08 16 2.289 -0.053
361.3 16 2.266 -0.055
361.52 16 2.215 -0.056
361.74 16 2.183 -0.06
363.04 16 1.988 -0.068
363.26 16 1.953 -0.07
364.56 16 1.737 0.245
364.78 16 1.673 0.301
365 16 1.657 0.308
365.22 16 1.601 0.317
365.44 16 1.607 0.295
365.88 16 1.537 0.309
366.76 16 1.368 0.369
366.98 16 1.367 0.347
368.74 16 1.09 0.427
375.8 61 2.117 0.567
382.22 25 2.31 -0.096
382.44 25 2.263 -0.096
382.66 25 2.242 -0.092
383.32 25 2.132 -0.096
383.54 25 2.109 -0.098
383.98 25 2.045 -0.103
384.22 25 2.008 -0.101
384.66 25 1.938 -0.103
385.1 25 1.874 -0.116
386.16 36 4.264 -0.037
386.16 25 1.652 0.355
386.4 25 1.608 0.385
386.84 25 1.531 0.408
387.06 36 4.084 -0.024
387.06 25 1.516 0.395
387.28 25 1.472 0.419
387.94 25 1.365 0.45
387.94 18 4.677 0.508
388.16 25 1.333 0.465
388.16 18 4.658 0.518
388.38 25 1.306 0.465
388.6 23 1.722 -0.024
388.82 23 1.718 -0.014
389.04 25 1.232 0.477
389.26 23 1.684 0.037
389.9 23 1.644 0.091
389.9 25 1.088 0.541
390.12 23 1.628 0.111
390.12 18 4.327 0.536
390.34 23 1.615 0.141
390.56 18 4.327 0.551
390.78 18 4.264 0.554
391 23 1.575 0.189
391.22 23 1.554 0.219
391.22 18 4.202 0.567
391.44 23 1.544 0.239
391.66 23 1.532 0.256
391.66 18 4.084 0.57
391.88 23 1.514 0.278
391.88 18 4.084 0.567
392.1 23 1.51 0.285
392.32 23 1.475 0.323
392.54 36 3.231 -0.045
392.76 23 1.429 0.369
393.2 23 1.378 0.421
393.64 23 1.272 0.502
393.86 23 1.224 0.535
394.08 23 1.186 0.569
394.3 36 2.977 -0.049
394.52 36 2.938 -0.049
394.96 36 2.87 -0.052
395.18 36 2.844 -0.053
395.4 36 2.81 -0.053
395.84 36 2.738 -0.056
396.28 36 2.68 -0.058
396.52 36 2.64 -0.059
396.74 36 2.598 -0.06
396.96 36 2.558 -0.066
397.18 36 2.523 -0.061
397.4 36 2.491 -0.064
397.62 36 2.463 -0.051
397.84 36 2.415 -0.064
398.72 36 2.332 -0.056
399.16 36 2.23 -0.064
400.04 36 2.087 -0.077
400.48 36 2.028 -0.081
400.7 36 1.993 -0.081
400.92 36 1.955 -0.085
401.34 36 1.885 -0.08
401.78 36 1.821 -0.09
402.66 36 1.679 -0.098
409.4 90 5.277 0.176
409.4 9 2.38 0.552
409.84 90 5.193 0.179
409.84 9 2.297 0.567
410.28 90 5.182 0.179
410.28 9 2.259 0.569
413.66 5 4.987 0.039
413.66 23 3.817 0.145
413.88 23 3.792 0.13
414.3 72 3.768 -0.044
414.52 5 4.833 0.051
414.52 70 5.001 0.121
414.74 5 4.793 0.058
414.74 23 3.768 0.099
414.96 23 3.768 0.094
415.16 5 4.677 0.072
415.16 70 4.967 0.119
415.38 23 3.72 0.083
415.38 70 4.916 0.117
415.8 70 4.833 0.124
416.24 23 3.674 0.06
416.24 70 4.764 0.12
416.88 5 4.202 0.124
417.32 70 4.677 0.119
417.32 5 4.084 0.134
417.76 23 3.595 0.023
417.76 5 3.973 0.156
418.4 23 3.628 0.019
418.62 23 3.584 0.009
419.04 23 3.584 -0.013
419.26 5 3.628 0.23
419.7 70 4.327 0.13
419.9 23 3.499 -0.037
419.9 5 3.422 0.261
420.12 72 2.915 -0.057
420.34 70 4.178 0.132
420.34 5 3.303 0.282
420.54 72 2.806 -0.059
420.76 70 4.142 0.124
420.76 5 3.208 0.296
421.2 70 4.028 0.136
421.2 5 3.072 0.308
422.68 5 2.634 0.346
422.9 5 2.567 0.346
423.34 70 3.72 0.137
423.76 70 3.632 0.148
423.76 5 2.301 0.382
423.98 70 3.618 0.149
424.18 70 3.584 0.149
424.18 5 2.168 0.409
424.62 70 3.515 0.154
424.62 5 2.053 0.431
424.84 70 3.435 0.158
424.84 5 1.951 0.462
425.04 70 3.429 0.159
425.04 5 1.893 0.478
425.26 70 3.395 0.159
425.26 5 1.828 0.497
425.7 70 3.317 0.162
425.7 5 1.715 0.536
425.92 70 3.303 0.166
425.92 5 1.656 0.548
426.12 5 1.583 0.571
426.34 70 3.231 0.17
426.56 70 3.2 0.167
426.78 70 3.166 0.167
427 70 3.132 0.171
427.2 70 3.103 0.173
427.42 70 3.096 0.188
427.64 70 3.025 0.176
427.86 70 3.002 0.177
428.28 70 2.925 0.186
428.5 70 2.887 0.182
428.72 70 2.865 0.188
428.94 70 2.823 0.19
429.16 70 2.778 0.192
429.38 70 2.754 0.193
429.8 70 2.7 0.195
430.24 70 2.611 0.205
430.46 70 2.589 0.204
430.9 70 2.525 0.204
436.84 9 1.988 0.274
439.68 72 1.096 0.394
441.18 70 2.454 -0.076
441.4 70 2.424 -0.08
441.62 70 2.386 -0.093
441.84 70 2.373 -0.085
442.28 70 2.288 -0.088
442.92 70 2.206 -0.09
443.36 70 2.124 -0.092
443.58 70 2.094 -0.089
443.8 70 2.067 -0.096
444 70 2.04 -0.093
444.44 70 1.964 -0.096
445.74 70 1.766 -0.115
453.46 54 2.721 0.38
454.32 54 2.598 0.396
456.26 54 2.293 0.443
456.48 54 2.263 0.451
457.12 54 2.178 0.465
457.56 54 2.109 0.476
458 54 2.047 0.49
458.84 54 1.915 0.515
459.06 54 1.873 0.529
459.48 54 1.809 0.546
459.7 54 1.772 0.558
459.92 54 1.749 0.564
460.34 54 1.7 0.571
461.4 27 3.768 -0.103
463.14 27 3.541 -0.125
471.32 27 2.35 0.219
472.64 27 2.146 0.237
472.86 27 2.098 0.247
473.08 27 2.077 0.246
473.5 27 2.011 0.259
473.94 27 1.946 0.269
474.38 27 1.87 0.271
474.58 27 1.831 0.284
475.02 27 1.781 0.289
475.24 27 1.757 0.286
475.46 27 1.709 0.297
475.9 27 1.64 0.318
476.12 27 1.607 0.317
476.32 27 1.584 0.326
476.56 27 1.538 0.341
476.78 27 1.507 0.336
477.22 27 1.453 0.352
477.66 27 1.373 0.373
478.32 27 1.298 0.374
478.78 27 1.209 0.404
480.74 7 2.915 -0.012
481.62 7 2.686 0.384
481.86 7 2.667 0.389
482.08 7 2.626 0.399
482.3 7 2.592 0.401
482.52 7 2.573 0.405
482.74 7 2.53 0.409
482.96 7 2.503 0.414
483.18 7 2.449 0.423
483.4 7 2.414 0.43
483.84 7 2.349 0.437
484.28 7 2.183 0.56
484.7 90 3.674 -0.045
485.12 90 3.584 0.2
485.34 5 1.859 0.063
485.76 5 1.756 0.344
486.2 5 1.594 0.569
486.42 18 4.762 0.346
486.64 18 4.754 0.341
487.3 18 4.619 0.356
487.74 18 4.566 0.359
487.96 18 4.53 0.359
488.62 18 4.46 0.366
489.28 18 4.327 0.368
489.5 18 4.327 0.38
489.72 18 4.275 0.381
489.94 9 3.68 0.117
489.94 18 4.209 0.387
490.38 18 4.202 0.393
491.26 9 3.541 0.109
491.48 18 3.973 0.404
491.7 18 3.973 0.405
491.92 18 3.973 0.397
492.14 18 3.919 0.408
499.56 72 2.123 -0.083
499.78 72 2.08 -0.088
500 72 2.053 -0.089
501.38 72 1.832 -0.104
502.04 14 2.589 -0.092
504.46 9 2.026 0.496
504.68 9 2.122 0.321
504.9 9 2.155 0.208
505.34 9 2.129 -0.024
505.34 18 3.271 0.173
505.58 9 2.113 -0.032
505.58 5 2.634 0.085
505.58 18 3.236 0.165
505.8 9 2.075 -0.045
505.8 5 2.624 0.064
505.8 18 3.225 0.158
506.04 9 2.04 -0.044
506.04 5 2.592 0.052
506.04 18 3.19 0.161
506.26 9 1.988 -0.143
506.26 18 3.189 0.064
506.48 18 3.129 -0.108
506.94 18 3.003 -0.255
515.12 90 2.58 0.054
516.88 7 4.028 0.057
517.96 7 3.88 0.05
518.4 7 3.817 0.053
518.84 7 3.72 0.052
519.06 7 3.72 0.059
519.26 7 3.674 0.053
519.48 7 3.628 0.055
519.92 7 3.562 0.063
520.36 7 3.499 0.055
520.78 7 3.458 0.052
521.88 7 3.267 0.053
522.1 7 3.231 0.061
522.54 7 3.172 0.053
523 7 3.096 0.06
523.44 7 3.035 0.051
523.88 7 2.968 0.053
524.1 7 2.944 0.06
524.32 7 2.875 0.049
524.54 7 2.846 0.056
525.42 7 2.728 0.051
525.64 7 2.694 0.054
526.52 7 2.567 0.06
527.68 7 2.386 0.061
528.12 7 2.315 0.057
529.44 7 2.114 0.054
529.66 7 2.074 0.054
530.1 7 1.999 0.055
530.32 7 1.988 0.068
530.54 7 1.942 0.058
531 7 1.858 0.058
531.44 7 1.801 0.067
531.66 7 1.762 0.061
531.9 7 1.725 0.061
532.12 7 1.698 0.077
534.54 27 2.934 0.288
535.2 27 2.863 0.238
535.42 27 2.835 0.232
535.86 27 2.806 0.246
536.08 27 2.73 0.246
536.32 27 2.705 0.253
537 27 2.59 0.249
537.9 27 2.444 0.262
538.54 27 2.354 0.281
539.42 27 2.221 0.284
539.66 27 2.188 0.294
541.74 14 3.136 0.222
541.74 81 1.673 0.554
541.96 14 3.102 0.216
541.96 81 1.653 0.557
542.18 70 4.53 0.533
542.18 81 1.63 0.561
542.4 14 2.956 0.21
542.4 81 1.59 0.568
542.62 54 3.383 0.004
542.62 14 2.915 0.206
542.62 70 4.46 0.54
542.62 81 1.573 0.57
542.84 14 2.859 0.202
543.26 14 2.732 0.192
543.48 14 2.639 0.191
543.48 70 4.327 0.551
543.7 14 2.589 0.188
543.7 70 4.295 0.559
543.92 14 2.529 0.184
543.92 70 4.264 0.56
544.12 14 2.483 0.181
544.34 14 2.425 0.179
544.56 14 2.373 0.173
544.78 14 2.309 0.168
545 14 2.223 0.163
545.2 54 2.993 -0.006
546.28 14 1.883 0.126
546.48 54 2.78 -0.016
546.7 14 1.735 0.104
547.14 54 2.697 -0.02
547.14 14 1.629 0.091
547.36 54 2.682 -0.024
547.36 14 1.578 0.078
552.5 7 2.28 0.24
552.72 7 2.332 0.08
554.88 27 1.599 0.177
558.06 70 4.327 0.213
558.48 70 4.202 0.219
558.94 61 5.975 0.454
559.38 70 4.07 0.214
560.26 61 5.813 0.465
561.36 70 3.768 0.231
561.78 70 3.674 0.233
562 70 3.674 0.241
562.22 61 5.585 0.483
562.44 70 3.589 0.238
564.78 54 1.631 0.082
564.98 54 1.576 0.209
565.4 54 1.378 0.523
566.22 54 1.369 0.381
566.44 54 1.378 0.295
566.86 54 1.378 0.076
569.88 70 2.901 0.141
570.32 70 2.817 0.146
572.06 70 2.556 0.157
572.72 70 2.454 0.164
572.94 70 2.412 0.166
573.38 70 2.363 0.168
574.72 70 2.151 0.181
574.94 70 2.104 0.184
575.82 70 1.974 0.194
578.44 61 4.393 0.005
579.1 61 4.327 0.007
580 61 4.152 0.001
581.1 61 3.946 0.001
581.32 23 1.096 0.4
581.54 61 3.868 -0.004
581.76 61 3.817 -0.003
581.98 23 1.09 0.437
582.2 61 3.768 -0.005
582.64 61 3.674 -0.006
583.08 61 3.628 -0.07
585.28 72 1.164 0.335
588.14 36 5.376 0.335
588.58 36 5.368 0.323
588.8 36 5.292 0.323
589.46 36 5.277 0.323
589.7 23 1.198 0.096
589.7 36 5.182 0.33
589.92 36 5.105 0.33
590.14 45 6.948 -0.014
590.14 36 5.09 0.335
590.36 45 7.057 -0.019
590.36 36 5.042 0.335
590.8 45 6.829 -0.019
591.24 45 6.782 -0.021
591.24 23 1.149 0.247
591.46 23 1.143 0.257
591.92 23 1.139 0.305
592.14 23 1.135 0.305
592.8 25 2.948 -0.152
593.24 23 1.111 0.395
594.32 18 3.662 0.54
594.54 18 3.674 0.532
594.98 18 3.628 0.527
594.98 9 2.443 0.572
595.42 18 3.571 0.531
595.86 23 1.202 0.037
596.3 36 4.447 -0.135
596.3 23 1.198 0.037
596.3 18 3.414 0.545
596.76 18 3.348 0.553
596.98 18 3.31 0.56
597.2 23 1.202 0.026
597.2 18 3.277 0.565
597.42 18 3.236 0.564
597.64 23 1.202 0.055
597.64 18 3.228 0.562
597.86 23 1.206 0.07
597.86 18 3.186 0.567
598.08 23 1.205 0.054
598.32 23 1.202 0.056
598.32 18 3.153 0.567
598.54 23 1.204 0.062
598.54 18 3.129 0.569
598.76 23 1.201 0.064
598.98 36 3.973 -0.154
598.98 23 1.198 0.068
599.2 23 1.2 0.071
599.64 36 3.893 -0.167
599.64 23 1.2 0.087
599.86 23 1.195 0.087
600.1 23 1.199 0.089
600.32 36 3.792 -0.18
600.32 23 1.197 0.091
600.76 36 3.736 -0.186
600.76 23 1.196 0.096
600.98 36 3.674 -0.181
600.98 23 1.196 0.1
601.2 36 3.628 -0.187
601.2 23 1.202 0.087
601.42 36 3.628 -0.186
601.42 23 1.206 0.126
601.64 36 3.584 -0.191
601.64 23 1.196 0.102
601.88 23 1.2 0.112
602.1 23 1.197 0.111
602.32 23 1.199 0.126
602.56 23 1.199 0.128
602.78 23 1.193 0.134
603 23 1.201 0.128
603.24 23 1.194 0.141
603.46 23 1.193 0.135
603.9 23 1.188 0.146
604.34 36 3.162 -0.219
604.34 23 1.195 0.148
604.78 23 1.191 0.15
605 23 1.195 0.163
605.24 36 3.028 -0.231
605.24 23 1.197 0.16
605.46 23 1.2 0.155
606.12 23 1.199 0.146
606.34 23 1.186 0.16
606.56 23 1.183 0.139
607 23 1.178 0.148
607.22 36 2.717 -0.255
607.46 36 2.681 -0.259
614.3 18 1.848 0.312
614.94 18 1.826 -0.09
615.16 90 4.028 0.308
615.16 14 2.525 0.451
615.38 90 4.028 0.309
615.38 14 2.482 0.448
615.82 14 2.369 0.441
616.04 14 2.305 0.442
616.28 14 2.248 0.44
616.94 14 2.077 0.445
617.4 90 3.72 0.317
617.4 14 2.013 0.447
617.62 14 1.966 0.456
617.84 14 1.925 0.462
618.28 14 1.866 0.476
618.72 90 3.541 0.332
619.6 14 1.682 0.433
621.76 7 5.585 0.115
622.4 7 5.479 0.113
622.84 7 5.376 0.109
623.5 7 5.376 0.111
623.92 7 5.277 0.102
625.4 27 5.933 0.127
627.12 27 5.697 0.127
627.54 81 3.208 0.368
627.98 27 5.479 0.13
628.82 81 3.033 0.387
629.04 27 5.376 0.13
629.26 27 5.326 0.128
629.48 27 5.288 0.123
629.68 27 5.277 0.123
630.12 27 5.277 0.128
630.34 27 5.182 0.125
630.54 81 2.78 0.417
630.98 81 2.73 0.432
631.4 27 5.008 0.122
631.62 27 5.001 0.125
635.88 72 2.44 -0.144
636.76 72 2.314 -0.151
646.14 90 3.129 -0.082
647.66 90 2.576 0.563
647.88 90 2.535 0.569
656.58 18 1.785 0.37
656.78 18 1.688 0.517
663.12 90 2.084 0.087
666.56 18 1.673 -0.062
666.76 18 1.668 0.058
667.86 18 1.514 0.314
668.1 18 1.477 0.321
668.32 18 1.449 0.324
668.54 18 1.404 0.354
669.2 18 1.325 0.345
669.64 18 1.251 0.372
669.86 18 1.196 0.399
670.08 18 1.161 0.42
670.52 18 1.104 0.431
670.96 18 1.06 0.427
672.7 36 3.196 -0.014
672.92 36 3.162 -0.014
673.58 36 3.065 0.1
674.02 36 2.973 0.119
674.46 45 5.479 0.124
674.68 36 2.832 0.26
675.12 45 5.376 0.132
675.56 36 2.687 0.28
675.78 36 2.669 0.282
676 36 2.611 0.286
676.22 36 2.578 0.288
676.44 36 2.567 0.291
676.66 36 2.525 0.295
676.88 45 5.182 0.135
677.3 36 2.434 0.304
677.52 45 5.09 0.135
677.96 45 4.977 0.137
678.18 36 2.281 0.322
678.62 45 4.833 0.145
678.84 45 4.833 0.141
679.28 45 4.807 0.142
679.72 36 2.064 0.354
680.58 36 1.919 0.378
681 36 1.856 0.39
681.24 45 4.46 0.152
681.24 36 1.817 0.398
682.98 36 1.542 0.462
683.2 36 1.521 0.47
683.64 36 1.453 0.49
683.86 45 4.084 0.163
684.06 36 1.37 0.518
684.28 36 1.35 0.522
685.14 36 1.217 0.568
685.36 45 3.817 0.17
685.58 45 3.768 0.172
686.02 45 3.72 0.173
686.66 45 3.602 0.18
686.88 45 3.609 0.176
687.54 45 3.515 0.179
687.74 45 3.471 0.18
687.96 45 3.389 0.188
688.18 45 3.384 0.186
688.4 45 3.379 0.19
688.62 45 3.322 0.189
689.48 45 3.196 0.196
689.7 45 3.133 0.2
690.14 45 3.099 0.205
690.56 45 3.012 0.21
690.78 45 3.003 0.209
691.42 45 2.9 0.217
692.28 45 2.766 0.225
693.14 45 2.65 0.231
694.88 45 2.369 0.257
695.32 45 2.32 0.261
695.54 45 2.273 0.271
695.76 45 2.235 0.27
696.42 45 2.162 0.278
696.64 45 2.131 0.283
696.86 45 2.067 0.297
697.08 45 2.053 0.295
698.4 45 1.83 0.339
698.6 45 1.81 0.334
698.82 45 1.774 0.349
699.04 45 1.755 0.345
699.26 45 1.698 0.359
699.48 45 1.672 0.363
699.7 45 1.629 0.379
699.92 45 1.602 0.385
700.14 45 1.573 0.386
700.36 45 1.526 0.401
701.24 45 1.407 0.422
701.46 45 1.376 0.44
701.68 45 1.329 0.45
701.9 45 1.298 0.457
702.12 45 1.264 0.471
702.56 45 1.187 0.501
702.78 45 1.167 0.501
703 45 1.132 0.519
703.24 45 1.098 0.534
709.08 63 2.041 -0.039
709.52 63 1.987 0.1
709.74 63 1.942 0.122
709.96 63 1.902 0.117
710.62 63 1.81 0.122
710.84 63 1.78 0.125
711.06 63 1.754 0.126
713.04 63 1.444 0.146
716.76 16 3.434 -0.059
717.2 16 3.381 -0.064
717.42 16 3.314 -0.06
717.86 16 3.273 -0.07
718.74 16 3.145 -0.073
718.96 16 3.106 -0.073
719.18 16 3.05 -0.075
719.4 16 3.039 -0.075
719.84 16 2.974 -0.083
720.28 16 2.892 -0.084
721.56 16 2.594 0.449
723.88 25 2.767 0.16
724.56 25 2.654 0.182
724.78 14 2.511 -0.053
725 25 2.58 0.186
725.64 14 2.502 -0.052
725.64 25 2.492 0.188
725.86 25 2.445 0.193
726.08 25 2.41 0.19
726.3 25 2.386 0.192
726.52 25 2.356 0.195
726.74 25 2.322 0.191
726.96 25 2.303 0.197
727.38 25 2.218 0.208
727.6 14 2.463 -0.026
728.48 25 2.035 0.224
728.92 14 2.443 0.024
729.36 5 3.379 -0.117
729.36 25 1.917 0.236
729.8 25 1.837 0.251
730.02 25 1.816 0.239
730.24 25 1.775 0.271
730.44 14 2.386 0.085
730.88 25 1.672 0.281
731.1 25 1.641 0.279
731.54 25 1.581 0.274
731.98 5 3.162 -0.007
731.98 14 2.249 0.139
731.98 25 1.51 0.293
732.42 25 1.449 0.306
732.64 25 1.409 0.317
732.86 14 2.219 0.181
732.86 25 1.388 0.303
733.08 14 2.198 0.201
733.08 25 1.332 0.347
733.3 14 2.183 0.215
733.3 25 1.31 0.331
733.52 14 2.183 0.226
733.96 14 2.168 0.248
734.4 14 2.112 0.272
734.62 14 2.094 0.291
734.84 14 2.08 0.309
735.06 14 2.053 0.32
735.28 14 2.026 0.351
735.28 72 3.628 0.5
735.5 5 2.887 0.154
735.5 14 2 0.368
735.5 72 3.595 0.512
736.16 14 1.945 0.413
736.6 5 2.699 0.22
737.26 5 2.567 0.259
737.48 5 2.491 0.272
737.94 5 2.386 0.291
738.16 72 3.162 0.564
738.38 72 3.168 0.561
738.6 72 3.129 0.568
738.82 72 3.101 0.569
739.24 5 1.994 0.347
739.46 5 1.941 0.349
739.68 5 1.86 0.349
740.12 5 1.762 0.346
744 72 3.049 0.024
744.66 14 1.663 0.568
744.86 41 3.388 0.173
744.86 70 3.728 0.352
745.52 41 3.231 0.2
745.52 70 3.671 0.358
745.72 72 2.78 0.021
745.94 70 3.584 0.364
746.16 70 3.584 0.36
746.38 41 3.003 0.249
746.38 70 3.515 0.373
746.58 70 3.486 0.373
747.22 41 2.812 0.287
747.22 70 3.398 0.381
747.44 41 2.754 0.294
747.44 70 3.352 0.384
747.66 41 2.702 0.306
747.66 70 3.317 0.39
747.88 41 2.634 0.319
748.08 41 2.556 0.324
748.08 70 3.267 0.396
748.52 41 2.443 0.333
748.96 72 2.297 0.014
749.4 72 2.205 0.01
749.4 41 2.195 0.348
749.62 72 2.173 0.009
749.62 41 2.147 0.349
750.06 41 2.061 0.345
750.06 70 2.958 0.432
750.48 41 1.945 0.328
750.48 70 2.887 0.436
750.7 41 1.9 0.318
750.7 70 2.868 0.44
750.92 41 1.857 0.308
750.92 70 2.823 0.443
751.14 41 1.814 0.299
751.14 70 2.797 0.447
751.36 41 1.763 0.283
751.58 70 2.737 0.456
752 70 2.666 0.466
752.22 41 1.576 0.245
752.22 70 2.643 0.47
752.44 41 1.524 0.232
752.66 70 2.581 0.48
752.88 70 2.533 0.488
753.1 70 2.503 0.493
753.54 70 2.443 0.501
753.76 70 2.405 0.501
753.98 70 2.378 0.514
754.18 70 2.332 0.524
754.4 70 2.305 0.526
754.84 70 2.241 0.541
755.06 70 2.219 0.543
758.58 70 2.106 0.168
759.02 70 2.053 0.168
759.24 70 2.026 0.167
759.48 70 1.996 0.169
759.92 70 1.915 0.177
760.12 70 1.892 0.18
760.78 70 1.775 0.189
761 70 1.752 0.191
761.86 70 1.615 0.203
762.08 70 1.577 0.21
762.52 70 1.524 0.207
762.74 70 1.483 0.226
764.04 70 1.252 0.338
764.46 70 1.105 0.57
765.74 54 3.096 0.134
767.26 54 2.84 0.165
769.2 54 2.521 0.184
771.12 27 4.332 0.027
771.76 27 4.264 0.026
771.98 27 4.209 0.023
772.2 27 4.202 0.019
772.62 27 4.142 0.019
773.06 27 4.084 0.02
773.26 27 4.028 0.032
773.48 27 4.009 0.018
773.7 27 3.973 0.023
774.56 27 3.824 0.024
774.78 27 3.817 0.023
775 27 3.768 0.024
775.22 27 3.72 0.026
775.42 27 3.674 0.018
775.64 27 3.674 0.024
776.5 27 3.541 0.022
777.14 27 3.42 0.023
777.36 27 3.431 0.018
779.06 27 3.131 0.02
779.28 27 3.102 0.025
780.58 27 2.91 0.014
780.8 27 2.859 0.017
781 27 2.834 0.019
781.22 27 2.806 0.02
781.64 27 2.754 0.01
782.72 27 2.572 0.02
783.36 27 2.485 0.018
783.58 27 2.445 0.014
786.14 27 2.055 0.013
786.8 27 1.951 0.018
787.22 27 1.927 -0.005
787.64 27 1.826 0.114
787.86 27 1.765 0.234
789.14 7 3.257 0.059
789.34 7 3.196 0.185
789.8 23 1.984 0.22
789.8 7 3.021 0.346
790.02 7 2.973 0.356
790.24 7 2.944 0.358
790.46 23 1.975 0.198
790.68 7 2.882 0.369
791.12 7 2.8 0.376
791.56 7 2.737 0.383
791.78 7 2.704 0.388
792 7 2.658 0.395
792.68 7 2.565 0.407
792.9 23 1.871 0.083
792.9 7 2.529 0.411
793.12 7 2.507 0.416
793.34 7 2.457 0.425
793.56 7 2.442 0.426
793.78 7 2.401 0.432
794 7 2.348 0.438
794.22 7 2.323 0.444
794.44 7 2.286 0.453
794.66 7 2.258 0.458
794.88 7 2.233 0.468
795.1 7 2.183 0.469
795.32 7 2.153 0.478
796.66 7 1.977 0.502
797.34 7 1.856 0.538
797.78 7 1.794 0.552
798.46 7 1.708 0.564
802.12 90 2.421 0.53
802.34 23 1.501 0.506
802.56 23 1.503 0.515
802.78 23 1.501 0.499
803 23 1.501 0.498
803.22 23 1.502 0.492
803.44 23 1.5 0.498
803.88 18 4.13 -0.104
803.88 23 1.497 0.484
804.12 23 1.5 0.477
804.34 23 1.501 0.474
805.2 18 3.955 0.091
806.08 18 3.796 0.101
806.3 18 3.762 0.101
806.52 18 3.764 0.102
806.96 18 3.66 0.107
807.18 18 3.63 0.107
807.4 18 3.595 0.107
807.62 18 3.552 0.106
807.84 18 3.541 0.106
808.28 18 3.462 0.109
808.72 18 3.418 0.11
809.16 18 3.353 0.1
809.38 18 3.303 0.113
810.04 23 1.255 0.572
810.26 18 3.158 0.117
810.26 23 1.25 0.568
810.48 23 1.245 0.565
810.7 18 3.093 0.121
810.92 18 3.067 0.122
811.36 18 3.003 0.126
811.36 23 1.24 0.548
811.58 18 2.973 0.126
812.02 23 1.232 0.538
812.46 18 2.826 0.132
812.46 23 1.233 0.514
812.9 18 2.775 0.133
812.9 23 1.232 0.5
813.34 18 2.693 0.137
813.34 23 1.234 0.473
813.78 18 2.636 0.14
814 23 1.136 0.507
814.22 18 2.549 0.14
814.44 18 2.52 0.145
814.68 23 1.129 0.452
814.9 23 1.128 0.447
815.12 18 2.416 0.143
815.34 23 1.113 0.409
815.56 23 1.103 0.387
815.78 18 2.328 0.154
815.78 23 1.101 0.377
816 18 2.284 0.156
816.22 18 2.25 0.157
816.44 18 2.214 0.159
816.68 18 2.193 0.148
817.12 18 2.109 0.17
817.56 18 2.024 0.183
818.46 36 4.327 -0.231
818.9 18 1.837 0.208
819.12 18 1.796 0.2
819.34 18 1.775 0.198
819.58 18 1.735 0.204
820.02 18 1.659 0.21
820.24 18 1.634 0.214
820.46 18 1.599 0.219
820.68 18 1.574 0.222
820.9 18 1.53 0.228
821.12 18 1.5 0.23
821.36 18 1.466 0.236
821.58 18 1.438 0.242
821.8 18 1.406 0.249
822.02 18 1.364 0.256
822.24 18 1.334 0.249
822.48 18 1.297 0.269
822.7 18 1.268 0.273
822.92 18 1.223 0.272
823.14 18 1.155 0.396
824.72 36 3.438 0.154
824.94 36 3.418 0.161
825.4 36 3.303 0.159
825.64 36 3.267 0.163
826.08 36 3.196 0.164
827.42 41 2.785 0.143
827.64 41 2.73 0.145
827.86 41 2.683 0.144
828.08 41 2.657 0.13
828.28 41 2.611 0.122
828.5 41 2.559 0.102
828.94 41 2.485 0.082
829.38 41 2.405 0.057
829.58 63 6.06 0.116
829.8 41 2.314 0.04
830.02 41 2.245 0.018
830.24 63 5.933 0.113
830.88 41 2.067 -0.041
831.1 63 5.852 0.118
831.32 63 5.697 0.113
832.4 63 5.629 0.122
833.26 63 5.479 0.132
833.7 63 5.423 0.127
833.92 63 5.376 0.118
834.14 63 5.376 0.128
834.34 63 5.277 0.128
834.56 63 5.277 0.128
835.22 63 5.277 0.122
835.44 63 5.156 0.13
835.86 63 5.09 0.131
836.08 63 5.03 0.13
836.3 63 5.001 0.131
836.52 63 4.993 0.13
836.74 63 4.984 0.131
836.94 63 4.916 0.132
837.16 63 4.88 0.133
837.38 63 4.845 0.133
837.6 63 4.839 0.133
837.82 63 4.823 0.135
838.02 63 4.81 0.135
838.24 63 4.754 0.135
838.46 63 4.734 0.136
838.68 63 4.672 0.135
838.9 63 4.627 0.136
839.56 63 4.578 0.135
839.98 63 4.495 0.138
840.2 63 4.449 0.14
840.42 63 4.46 0.153
840.64 63 4.393 0.139
840.84 63 4.388 0.141
841.06 63 4.316 0.144
841.7 63 4.222 0.146
841.92 63 4.178 0.146
842.14 63 4.142 0.146
842.56 63 4.084 0.15
843.2 63 3.977 0.148
843.64 63 3.919 0.152
844.08 63 3.86 0.153
844.52 63 3.771 0.154
844.74 63 3.768 0.154
845.16 63 3.674 0.155
845.38 63 3.677 0.155
845.58 63 3.646 0.159
846.02 63 3.584 0.149
846.44 63 3.527 0.149
846.66 63 3.47 0.159
846.88 63 3.418 0.152
847.08 63 3.389 0.161
848.56 16 4.202 0.014
848.76 16 4.142 0.141
849.2 16 4.09 0.173
849.42 16 4.028 0.175
849.64 16 4.028 0.176
849.86 16 3.973 0.177
850.06 16 3.919 0.179
850.28 16 3.919 0.181
851.14 16 3.553 0.407
851.78 61 3.018 -0.151
852 61 2.981 -0.145
852.2 61 2.958 -0.144
852.66 61 2.876 -0.154
852.88 61 2.836 -0.156
853.1 61 2.806 -0.157
853.52 61 2.73 -0.164
854.84 61 2.539 -0.174
855.06 61 2.504 -0.177
855.92 61 2.368 -0.188
868.44 16 2.332 0.184
871.4 25 2.153 0.178
871.84 36 4.76 -0.179
872.28 25 2.098 -0.087
872.5 25 2.069 -0.092
872.72 25 2.035 -0.098
872.94 25 1.976 -0.098
873.14 25 1.957 -0.003
873.36 25 1.927 0.121
873.58 25 1.856 0.242
873.78 25 1.775 0.369
874 25 1.727 0.41
874.22 25 1.699 0.42
874.44 23 2.577 0.374
874.44 25 1.644 0.434
874.88 25 1.585 0.449
875.1 23 2.547 0.358
875.1 25 1.558 0.456
875.32 25 1.533 0.449
875.54 23 2.526 0.351
875.54 25 1.486 0.475
875.78 23 2.534 0.35
875.78 25 1.46 0.482
876.22 23 2.526 0.349
876.22 25 1.391 0.505
876.44 25 1.35 0.515
876.66 25 1.334 0.511
876.88 23 2.525 0.341
877.1 23 2.506 0.339
877.1 25 1.259 0.545
877.32 23 2.522 0.341
877.32 25 1.253 0.533
877.54 23 2.499 0.345
877.54 25 1.203 0.555
877.78 23 2.505 0.348
877.78 41 2.013 0.55
878.02 23 2.497 0.349
878.02 41 1.999 0.553
878.02 25 1.15 0.571
878.24 23 2.487 0.35
878.24 41 1.978 0.546
878.46 23 2.484 0.351
878.46 41 1.97 0.542
878.68 23 2.497 0.344
878.9 23 2.49 0.343
878.9 41 1.941 0.529
879.14 36 3.628 0.353
879.14 41 1.913 0.523
879.36 36 3.555 0.348
879.36 41 1.887 0.513
879.58 36 3.499 0.344
879.58 41 1.856 0.505
879.8 41 1.837 0.503
880.44 36 3.574 0.008
880.44 41 1.862 0.143
880.66 36 3.628 0.003
880.88 41 1.763 0.112
881.1 23 2.516 -0.078
881.32 41 1.657 0.098
881.54 41 1.568 0.092
881.76 41 1.517 0.089
881.98 41 1.461 0.075
882.2 41 1.406 0.074
882.42 36 3.309 -0.012
882.42 41 1.367 0.059
883.3 41 1.134 -0.039
883.54 23 2.053 -0.26
883.98 36 3.065 0.001
884.2 36 3.01 -0.01
884.42 36 2.982 -0.018
884.64 36 2.945 -0.019
885.08 36 2.874 -0.019
885.3 36 2.853 -0.019
885.52 36 2.808 -0.02
885.94 36 2.734 -0.026
886.16 36 2.708 -0.035
886.38 36 2.666 -0.028
886.6 36 2.657 -0.03
886.84 36 2.611 -0.03
887.04 36 2.57 -0.033
888.14 36 2.391 -0.038
888.36 36 2.358 -0.04
888.58 36 2.336 -0.041
888.8 36 2.303 -0.041
889.02 36 2.273 -0.041
889.24 36 2.226 -0.043
889.46 36 2.193 -0.045
889.9 36 2.127 -0.051
890.12 36 2.09 -0.051
890.76 18 3.065 0.566
890.98 18 3.065 0.565
891.42 18 2.998 0.569
892.06 18 3.086 0.467
893.34 18 3.162 -0.167
893.34 14 2.493 0.073
893.34 9 2.73 0.265
893.56 18 3.129 -0.175
893.56 14 2.443 0.06
893.56 9 2.716 0.265
893.8 18 3.096 -0.179
893.8 14 2.375 0.057
893.8 9 2.7 0.267
894.02 18 3.096 -0.181
894.24 9 2.611 0.274
894.48 18 3.003 -0.193
894.48 14 2.169 0.042
894.48 9 2.582 0.276
894.7 14 2.117 0.039
894.92 18 2.939 -0.193
894.92 14 2.063 0.03
894.92 9 2.525 0.284
895.16 18 2.898 -0.193
895.16 14 1.974 0.018
895.38 14 1.927 0.016
895.6 18 2.835 -0.2
895.6 14 1.863 0.005
895.6 9 2.414 0.292
895.84 18 2.806 -0.2
896.26 9 2.35 0.178
896.72 9 2.334 0.033
896.94 9 2.302 0.024
897.36 9 2.232 0.02
897.58 9 2.197 0.022
897.8 90 4.916 -0.224
898.02 9 2.141 0.015
898.24 9 2.097 0.016
898.46 90 4.833 -0.227
898.9 9 2.003 0.016
899.54 9 1.915 0.034
902.38 9 1.439 0.227
902.6 9 1.375 0.346
903.46 90 3.868 0.429
903.9 90 3.768 0.451
904.12 90 3.768 0.448
904.98 18 1.691 0.276
916.38 36 2.038 0.188
917.04 36 1.942 0.299
917.26 36 1.887 0.311
917.48 36 1.848 0.321
917.7 36 1.837 0.315
917.92 36 1.783 0.333
918.14 36 1.76 0.337
918.36 36 1.715 0.344
918.58 36 1.68 0.351
918.8 36 1.647 0.356
919 36 1.621 0.363
919.44 36 1.544 0.38
922.42 18 1.816 0.442
923.9 9 1.7 0.148
926.26 25 1.859 0.497
926.9 25 2.053 0.062
931.36 18 1.756 0.534
932 18 1.972 0.103
935.34 25 1.837 0.519
938.28 36 1.553 0.26
941.06 18 1.963 0.119
942.12 9 1.666 0.284
942.56 9 1.666 0.286
942.8 9 1.66 0.289
943.02 9 1.661 0.285
943.24 9 1.663 0.283
943.46 7 6.473 0.16
943.46 9 1.66 0.285
943.68 7 6.515 0.159
943.68 9 1.662 0.286
943.92 7 6.473 0.159
943.92 9 1.662 0.283
944.14 9 1.662 0.281
944.38 9 1.663 0.283
944.6 7 6.473 0.156
944.6 9 1.662 0.283
944.82 7 6.515 0.159
944.82 9 1.662 0.283
945.04 9 1.66 0.292
945.28 9 1.667 0.306
945.5 90 4.393 -0.134
945.94 90 4.393 -0.132
945.94 7 6.473 0.159
946.16 90 4.409 -0.13
946.16 7 6.473 0.159
946.4 90 4.46 -0.138
946.4 7 6.473 0.159
946.62 90 4.393 -0.132
946.62 7 6.473 0.159
946.86 90 4.393 -0.132
946.86 7 6.473 0.159
946.86 9 1.663 0.283
947.08 90 4.46 -0.125
947.08 7 6.473 0.159
947.08 9 1.662 0.283
947.3 7 6.51 0.157
947.52 9 1.617 0.302
947.76 90 4.327 -0.141
947.76 7 6.473 0.146
947.96 7 6.473 0.149
948.4 90 4.202 -0.153
948.4 9 1.486 0.303
948.62 90 4.202 -0.151
948.62 7 6.329 0.15
948.86 7 6.329 0.151
948.86 9 1.429 0.305
949.08 7 6.191 0.155
949.3 90 4.084 -0.158
949.3 7 6.191 0.145
949.96 90 3.973 -0.167
950.4 90 3.919 -0.167
950.4 7 6.06 0.143
950.6 7 6.06 0.15
950.84 7 6.06 0.15
951.26 90 3.768 -0.183
952.36 90 3.628 -0.19
952.36 7 5.813 0.153
952.58 7 5.697 0.155
953.46 7 5.585 0.157
953.9 7 5.585 0.158
954.56 7 5.434 0.166
954.78 7 5.376 0.163
955.22 7 5.376 0.163
955.44 7 5.376 0.163
955.88 7 5.182 0.166
956.1 7 5.277 0.164
956.76 7 5.09 0.169
957.42 7 5.001 0.158
958.28 7 4.863 0.173
958.72 7 4.833 0.171
959.8 7 4.677 0.17
960.02 7 4.639 0.169
960.24 7 4.602 0.169
961.32 7 4.393 0.172
962.18 7 4.295 0.173
962.4 7 4.264 0.175
962.62 7 4.264 0.182
962.84 7 4.194 0.176
963.04 7 4.152 0.174
963.26 7 4.142 0.175
963.48 7 4.084 0.178
968.98 27 4.264 0.448
972.34 7 3.003 0.091
972.54 7 2.973 -0.023
973.18 27 3.973 0.326
974.24 7 2.754 0.087
974.44 7 2.73 0.091
974.66 7 2.681 0.013
974.88 7 2.634 -0.094
975.72 27 3.72 0.297
976.58 7 2.424 -0.063
978.52 81 1.921 0.571
978.74 81 2.007 0.459
979.38 27 3.418 0.016
983.14 81 1.572 0.501
983.98 41 1.903 -0.003
984.4 54 3.196 0.519
985.02 54 3.34 0.34
988.76 54 2.944 0.327
988.98 54 2.859 0.412
991.28 54 2.611 0.462
993.54 54 2.297 0.564
996.26 54 2.145 0.495
996.48 54 2.245 0.336
996.68 54 2.265 0.224
996.9 54 2.28 0.117
997.34 54 2.23 -0.128
997.98 70 4.142 0.115
998.24 70 4.098 0.108
998.46 70 4.042 0.106
998.46 61 6.191 0.315
998.46 72 3.303 0.492
998.68 70 4.028 0.104
998.68 61 6.273 0.314
998.68 72 3.267 0.493
998.9 70 3.973 0.1
999.12 70 3.973 0.1
999.12 61 6.191 0.312
999.36 70 3.919 0.1
999.8 61 6.06 0.318
999.8 72 3.08 0.511
1000.2 61 6.06 0.32
1000.4 70 3.73 0.106
1000.7 70 3.725 0.108
1000.9 70 3.72 0.114
1001.1 61 5.813 0.333
1001.1 72 2.887 0.548
1001.5 61 5.813 0.333
1001.7 70 3.554 0.112
1002 70 3.512 0.113
1002 61 5.813 0.334
1002.2 70 3.467 0.113
1002.4 61 5.697 0.338
1002.9 61 5.652 0.339
1003.1 61 5.585 0.341
1003.3 61 5.585 0.341
1003.5 70 3.303 0.117
1003.7 61 5.479 0.342
1003.9 70 3.231 0.118
1004.2 61 5.479 0.345
1004.6 61 5.376 0.346
1005 70 3.065 0.12
1005.5 70 2.989 0.12
1005.5 61 5.277 0.354
1005.9 70 2.929 0.121
1005.9 61 5.182 0.358
1006.2 70 2.897 0.122
1006.2 61 5.182 0.362
1006.4 70 2.859 0.126
1006.4 61 5.146 0.363
1006.6 70 2.838 0.128
1006.6 61 5.124 0.366
1007.1 70 2.761 0.127
1007.1 61 5.09 0.368
1012.9 70 1.826 0.468
1026 61 4.53 0.024
1026.2 61 4.46 0.014
1026.4 61 4.46 0.009
1026.9 61 4.393 0.004
1027.1 61 4.387 0.003
1027.3 61 4.327 0.001
1027.5 61 4.283 0.002
1027.8 61 4.327 0.011
1028.5 61 4.142 -0.001
1028.7 61 4.142 0
1028.9 61 4.142 0.003
1029.3 61 4.028 -0.012
1029.6 61 3.973 -0.003
1029.8 61 3.954 -0.003
1030 61 3.919 0.003
1030.2 61 3.86 -0.001
1030.4 61 3.831 0.003
1030.7 61 3.817 -0.004
1030.9 61 3.772 -0.003
1031.1 61 3.72 -0.004
1031.3 61 3.72 -0.001
1031.5 61 3.668 -0.002
1031.8 61 3.638 -0.001
1032 61 3.628 -0.003
1032.2 61 3.572 -0.001
1032.4 61 3.513 -0.005
1032.9 61 3.476 -0.006
1034.2 25 3.736 0.339
1034.2 23 4.084 0.562
1034.7 25 3.72 0.343
1034.7 23 4.028 0.567
1035.5 25 3.582 0.35
1035.8 5 4.833 0.401
1036 25 3.477 0.359
1036 5 4.833 0.41
1036 45 6.663 0.449
1037.1 25 3.356 0.362
1037.1 45 6.624 0.456
1037.3 25 3.303 0.377
1037.3 5 4.393 0.437
1037.6 25 3.272 0.377
1038 25 3.199 0.385
1038 5 4.202 0.46
1038.2 25 3.187 0.388
1038.9 25 3.067 0.397
1039.1 5 3.842 0.491
1039.6 5 3.76 0.505
1039.8 5 3.674 0.511
1040.2 5 3.628 0.522
1040.7 5 3.527 0.533
1040.9 5 3.458 0.535
1041.1 25 2.94 0.404
1042.4 5 3.584 0.026
1042.4 41 1.575 0.454
1042.6 5 3.541 0.032
1042.6 23 3.72 0.35
1042.8 5 3.47 0.039
1042.8 41 1.452 0.46
1043.1 45 6.473 -0.088
1043.1 41 1.41 0.458
1043.5 36 4.754 0.314
1043.7 25 2.73 -0.145
1043.7 5 3.196 0.074
1043.7 36 4.684 0.313
1043.7 41 1.257 0.448
1044 36 4.677 0.316
1044.2 41 1.193 0.431
1044.4 5 3.008 0.095
1044.4 36 4.602 0.312
1044.6 5 2.973 0.105
1044.9 45 6.191 -0.094
1044.9 23 3.129 0.49
1045.1 23 3.096 0.499
1045.3 5 2.843 0.135
1045.3 23 3.033 0.511
1045.5 5 2.818 0.154
1045.5 23 2.957 0.532
1046 45 6.06 -0.099
1046 23 2.859 0.561
1046.2 36 4.327 0.341
1046.2 23 2.823 0.571
1046.4 45 5.933 -0.107
1046.4 36 4.271 0.342
1046.9 5 2.686 0.215
1046.9 36 4.264 0.342
1047.1 36 4.202 0.343
1047.3 5 2.674 0.227
1047.3 36 4.166 0.344
1047.5 5 2.657 0.228
1047.7 5 2.664 0.234
1048.2 5 2.707 0.232
1048.2 36 4.084 0.351
1048.4 45 5.813 -0.113
1048.4 36 4.084 0.351
1048.6 36 4.084 0.352
1049.1 36 4.056 0.351
1049.3 36 4.028 0.341
1049.5 5 2.776 0.196
1049.7 36 3.919 0.361
1049.9 36 3.919 0.36
1050.2 5 2.742 0.164
1050.4 36 3.831 0.361
1050.6 5 2.735 0.157
1050.8 5 2.707 0.146
1050.8 36 3.756 0.368
1051 5 2.705 0.139
1051 36 3.768 0.361
1051.3 5 2.696 0.131
1051.3 36 3.72 0.373
1051.7 36 3.636 0.377
1051.9 36 3.628 0.374
1052.1 36 3.584 0.373
1052.4 5 2.67 0.091
1052.4 36 3.545 0.386
1052.6 36 3.525 0.386
1052.8 5 2.645 0.068
1052.8 36 3.471 0.393
1053 36 3.458 0.396
1053.3 45 5.09 -0.146
1053.3 5 2.644 0.052
1053.3 36 3.396 0.397
1053.7 5 2.642 0.037
1053.9 45 5.001 -0.149
1053.9 5 2.624 0.024
1053.9 36 3.303 0.4
1054.2 45 5.001 -0.158
1054.2 5 2.603 0.014
1054.2 36 3.273 0.41
1054.4 45 4.916 -0.154
1054.4 5 2.597 0.006
1054.4 36 3.243 0.413
1054.6 45 4.833 -0.156
1054.6 5 2.594 -0.006
1054.6 36 3.196 0.408
1054.8 5 2.6 -0.013
1054.8 36 3.169 0.422
1055.1 45 4.833 -0.16
1055.1 5 2.585 -0.02
1055.1 36 3.134 0.425
1055.3 45 4.805 -0.161
1055.3 5 2.572 -0.03
1055.3 36 3.111 0.428
1055.5 5 2.569 -0.043
1055.5 36 3.07 0.432
1055.7 5 2.564 -0.052
1055.7 36 3.042 0.436
1056 5 2.571 -0.061
1056.2 36 2.979 0.444
1056.4 36 2.924 0.45
1056.6 36 2.895 0.453
1056.9 36 2.866 0.458
1057.1 5 2.521 -0.105
1057.1 36 2.832 0.46
1057.3 36 2.796 0.468
1057.5 36 2.762 0.474
1057.8 36 2.733 0.477
1058 36 2.727 0.48
1058.2 36 2.654 0.487
1058.5 36 2.624 0.493
1058.7 36 2.59 0.496
1058.9 36 2.549 0.505
1059.1 36 2.525 0.507
1059.4 36 2.493 0.514
1059.8 36 2.413 0.528
1060 36 2.384 0.534
1060.3 36 2.347 0.54
1060.5 36 2.332 0.543
1060.7 36 2.289 0.549
1060.9 36 2.245 0.556
1061.1 36 2.223 0.559
1061.4 36 2.193 0.562
1061.6 36 2.16 0.567
1061.8 36 2.142 0.568
1062.3 45 3.674 -0.229
1062.5 45 3.674 -0.232
1062.7 45 3.628 -0.234
1062.9 45 3.584 -0.235
1063.8 45 3.482 -0.248
1067 45 3.303 -0.246
1068.1 45 3.303 -0.246
1068.3 45 3.315 -0.25
1069.2 45 3.231 -0.26
1070.1 45 3.196 -0.26
1070.3 45 3.196 -0.253
1070.6 45 3.196 -0.261
1070.8 45 3.196 -0.26
1071 45 3.196 -0.26
1071.2 45 3.196 -0.26
1071.4 45 3.196 -0.263
1071.7 45 3.196 -0.261
1071.9 45 3.196 -0.26
1072.1 45 3.196 -0.26
1072.3 45 3.196 -0.26
1073 36 1.766 0.535
1073.2 36 1.922 0.317
1073.4 36 1.975 0.187
1082.6 41 1.311 0.152
1082.8 36 1.805 0.384
1083.1 41 1.295 0.109
1083.1 36 1.775 0.388
1083.3 36 1.746 0.394
1083.5 36 1.721 0.397
1083.7 36 1.692 0.405
1084 36 1.642 0.412
1084.2 36 1.612 0.42
1084.4 36 1.593 0.412
1084.6 36 1.55 0.422
1084.9 36 1.514 0.438
1085.1 36 1.474 0.456
1085.3 36 1.444 0.465
1085.5 36 1.396 0.472
1085.7 36 1.398 0.455
1086 36 1.358 0.475
1086.2 36 1.312 0.494
1086.4 36 1.308 0.471
1086.6 36 1.334 0.314
1086.8 36 1.338 0.204
1087.3 36 1.238 0.382
1088.8 45 2.589 -0.114
1089 45 2.567 0.008
1089.2 45 2.525 0.128
1089.4 45 2.443 0.252
1089.8 45 2.123 0.565
1091.1 63 3.059 0.185
1091.3 63 2.995 0.197
1091.5 63 3.003 0.184
1091.8 63 2.973 0.186
1092 63 2.918 0.203
1092.2 63 2.869 0.206
1092.4 63 2.887 0.193
1092.6 63 2.836 0.2
1092.9 63 2.764 0.212
1093.1 63 2.74 0.215
1093.3 63 2.724 0.217
1093.5 63 2.689 0.218
1094 63 2.614 0.226
1094.2 63 2.574 0.228
1094.8 63 2.474 0.231
1095 63 2.436 0.239
1095.5 63 2.374 0.244
1095.7 63 2.348 0.246
1095.9 63 2.304 0.249
1096.1 63 2.3 0.234
1096.3 63 2.239 0.257
1096.6 63 2.212 0.257
1096.8 63 2.173 0.263
1097 63 2.165 0.26
1097.4 63 2.076 0.273
1097.7 63 2.069 0.26
1097.9 63 2.003 0.286
1098.1 63 2.02 0.264
1100.6 45 1.905 0.419
1101.1 45 1.97 0.186
1101.3 45 1.963 0.066
1101.5 45 1.943 -0.049
1103.2 36 2.337 0.324
1103.4 41 1.529 0.526
1103.6 41 1.6 0.421
1103.8 36 2.347 -0.092
1104.9 23 2.202 0.068
1104.9 9 4.353 0.111
1105.1 23 2.189 0.072
1105.1 5 2.032 0.496
1105.6 5 2.006 0.518
1105.8 5 1.992 0.53
1106 23 2.027 0.133
1106 5 1.982 0.542
1106.2 9 4.202 0.106
1106.2 5 1.972 0.554
1106.4 23 1.915 0.172
1106.9 9 4.084 0.1
1107.1 23 1.756 0.217
1107.3 23 1.704 0.221
1107.5 23 1.615 0.242
1107.8 9 3.966 0.101
1108.2 23 1.443 0.278
1108.4 9 3.868 0.111
1108.6 9 3.817 0.104
1108.9 9 3.78 0.105
1109.1 90 6.473 -0.104
1109.1 9 3.768 0.111
1109.3 90 6.473 -0.103
1109.3 9 3.72 0.108
1110 90 6.329 -0.105
1110 9 3.602 0.111
1110.2 90 6.191 -0.108
1110.2 9 3.591 0.11
1110.9 9 3.499 0.109
1111.1 9 3.458 0.119
1111.3 90 6.06 -0.115
1111.3 9 3.418 0.118
1111.5 9 3.418 0.114
1111.7 90 6.06 -0.118
1111.7 9 3.34 0.116
1112 90 6.06 -0.118
1112 9 3.303 0.12
1112.6 90 5.933 -0.114
1112.6 9 3.231 0.128
1112.8 9 3.165 0.121
1113.1 9 3.129 0.126
1113.3 9 3.101 0.121
1113.7 9 3.041 0.124
1114.2 9 2.973 0.128
1115.3 9 2.804 0.132
1115.7 90 5.479 -0.138
1115.9 90 5.479 -0.136
1115.9 41 1.483 -0.038
1116.1 90 5.376 -0.138
1116.1 9 2.662 0.135
1116.4 9 2.632 0.139
1116.6 90 5.376 -0.141
1116.6 9 2.611 0.144
1117 90 5.277 -0.146
1117.2 90 5.182 -0.146
1117.5 41 1.303 0.134
1117.7 90 5.182 -0.15
1117.7 7 7.307 0.105
1118.1 9 2.368 0.158
1118.4 9 2.332 0.147
1118.6 7 7.307 0.109
1118.6 9 2.297 0.155
1118.8 9 2.266 0.156
1119.1 9 2.217 0.158
1119.3 90 4.916 -0.158
1119.7 90 4.833 -0.163
1120.2 7 7.064 0.111
1120.2 9 2.053 0.178
1120.4 7 6.948 0.113
1120.6 9 1.992 0.172
1120.8 7 6.782 0.111
1120.8 9 1.953 0.17
1121 7 6.948 0.111
1121 9 1.908 0.173
1121.5 7 6.742 0.109
1121.5 9 1.847 0.178
1121.9 7 6.668 0.114
1121.9 9 1.781 0.188
1122.2 7 6.624 0.111
1122.4 7 6.624 0.104
1122.6 9 1.677 0.196
1122.8 9 1.65 0.207
1123.5 9 1.543 0.207
1123.7 7 6.329 0.111
1123.9 9 1.483 0.228
1124.6 7 6.191 0.114
1125 7 6.191 0.111
1125.2 7 6.191 0.112
1125.4 7 6.095 0.111
1125.7 7 6.191 0.119
1126.1 7 6.06 0.111
1126.3 7 6.06 0.111
1127.4 90 3.67 0.276
1127.6 90 3.628 0.282
1127.8 90 3.59 0.285
1128 90 3.546 0.29
1128.3 90 3.516 0.287
1129.2 90 3.418 0.298
1130 90 3.394 0.017
1130 7 5.277 0.374
1130.3 90 3.34 0.012
1130.3 7 5.253 0.373
1130.5 90 3.306 0.006
1131.6 7 5.376 0.023
1131.8 7 5.277 0.021
1132 7 5.277 0.018
1132.2 7 5.277 0.019
1132.5 7 5.182 0.009
1133.7 81 3.584 0.232
1134 81 3.524 0.225
1134.2 27 5.813 0.01
1134.2 81 3.513 0.224
1134.4 81 3.458 0.222
1134.6 81 3.421 0.227
1134.8 81 3.396 0.229
1135 81 3.379 0.229
1135.2 81 3.343 0.232
1135.5 81 3.279 0.235
1135.7 81 3.267 0.245
1139.8 72 2.461 0.032
1140 72 2.428 0.027
1140.2 72 2.399 0.024
1140.4 72 2.378 0.024
1140.6 72 2.335 0.022
1141.1 72 2.259 0.022
1141.3 72 2.238 0.02
1141.5 72 2.197 0.02
1142 72 2.136 0.018
1142.2 72 2.109 0.018
1143 72 1.875 0.376
1143.5 72 1.791 0.401
1144.3 72 1.656 0.435
1154.4 18 3.007 0.416
1154.6 18 2.972 0.411
1155.1 18 2.761 0.537
1155.3 9 1.766 0.352
1155.5 18 2.944 0.336
1155.9 9 1.775 0.017
1156.1 9 1.746 0
1156.8 18 2.931 0.076
1157 18 2.937 0.076
1157.3 18 2.951 0.076
1157.5 18 2.934 0.076
1157.7 18 2.945 0.076
1157.9 18 2.938 0.076
1158.2 18 2.941 0.076
1158.4 18 2.937 0.076
1158.6 18 2.937 0.076
1158.8 18 2.946 0.076
1159 18 2.941 0.076
1159.3 18 2.942 0.076
1159.5 18 2.944 0.076
1159.7 18 2.938 0.076
1159.9 18 2.945 0.076
1160.2 18 2.941 0.076
1160.4 18 2.939 0.076
1160.6 18 2.937 0.076
1160.8 9 1.681 -0.024
1160.8 18 2.941 0.076
1161.1 18 2.945 0.076
1161.3 18 2.938 0.076
1164.1 7 4.46 0.37
1164.3 7 4.393 0.365
1164.5 7 4.393 0.372
1164.7 7 4.393 0.375
1164.9 7 4.342 0.37
1165.2 7 4.292 0.374
1165.4 7 4.327 0.368
1165.6 7 4.264 0.383
1165.8 7 4.202 0.387
1166 7 4.166 0.387
1166.5 7 4.084 0.381
1166.9 7 4.028 0.397
1167.1 7 4.028 0.4
1167.4 7 3.973 0.401
1167.6 7 3.973 0.396
1169.5 27 4.028 0.226
1169.7 27 4.028 0.206
1169.9 27 4.028 0.2
1170.6 27 3.919 0.196
1170.8 27 3.868 0.201
1171 27 3.888 0.195
1171.2 27 3.817 0.202
1171.9 27 3.763 0.21
1172.3 27 3.676 0.21
1172.7 27 3.597 0.212
1173.2 27 3.51 0.219
1173.4 27 3.499 0.219
1174 27 3.412 0.222
1174.2 27 3.379 0.214
1174.7 27 3.303 0.23
1174.9 27 3.268 0.231
1175.1 27 3.233 0.231
1175.3 27 3.199 0.232
1175.5 27 3.165 0.236
1187.5 27 1.724 0.33
1190.8 81 1.279 0.049
1193.2 90 3.09 0.053
1194.3 7 1.981 0.378
1200.8 7 2.096 -0.099
1201 7 2.109 0.058
1201.4 7 2.026 0.325
1201.7 7 1.921 0.468
1203.4 5 1.718 -0.241
1203.4 18 4.754 -0.046
1203.4 90 2.717 0.552
1203.6 18 4.747 -0.036
1203.6 90 2.728 0.559
1203.8 5 1.673 -0.217
1203.8 18 4.754 -0.037
1203.8 90 2.719 0.559
1204.1 18 4.682 -0.037
1204.1 90 2.706 0.558
1204.3 18 4.677 -0.03
1204.5 18 4.692 -0.03
1204.7 18 4.635 -0.033
1204.7 90 2.64 0.569
1204.9 18 4.616 -0.034
1204.9 90 2.628 0.571
1205.2 18 4.578 -0.032
1207.4 18 4.264 -0.046
1207.6 18 4.202 -0.051
1207.8 18 4.162 -0.048
1208.1 18 4.109 -0.051
1208.3 18 4.084 -0.049
1208.5 18 4.028 -0.051
1208.7 18 4.028 -0.05
1208.9 18 3.973 -0.051
1209.1 18 3.973 -0.053
1209.4 18 3.923 -0.054
1209.6 18 3.872 -0.055
1209.8 18 3.831 -0.054
1210 18 3.817 -0.056
1210.3 18 3.768 -0.058
1210.5 18 3.757 -0.058
1210.7 18 3.72 -0.06
1210.9 18 3.674 -0.06
1211.1 18 3.628 -0.06
1211.4 18 3.623 -0.06
1211.6 18 3.574 -0.063
1211.8 18 3.514 -0.064
1212 18 3.504 -0.068
1212.5 18 3.455 -0.066
1212.7 18 3.379 -0.069
1212.9 18 3.379 -0.071
1213.1 18 3.315 -0.079
1213.4 18 3.303 -0.073
1213.8 18 3.231 -0.076
1214 18 3.196 -0.078
1214.2 18 3.162 -0.077
1214.5 18 3.132 -0.078
1214.7 18 3.076 -0.079
1214.9 18 3.065 -0.079
1215.1 18 3.033 -0.079
1215.4 18 3.008 -0.081
1215.6 18 2.972 -0.084
1215.8 18 2.936 -0.086
1216 18 2.874 -0.088
1216.2 18 2.866 -0.09
1216.5 18 2.831 -0.09
1216.7 18 2.811 -0.092
1216.9 18 2.759 -0.094
1217.1 18 2.732 -0.098
1217.3 18 2.702 -0.098
1217.6 18 2.663 -0.099
1217.8 18 2.633 -0.099
1218 18 2.58 -0.101
1218.2 18 2.551 -0.104
1218.4 18 2.516 -0.105
1218.7 18 2.491 -0.105
1218.9 18 2.443 -0.109
1219.1 18 2.424 -0.118
1219.3 18 2.386 -0.118
1219.5 18 2.359 -0.121
1222.3 90 1.395 -0.014
1225.5 81 2.45 0.277
1229.6 9 1.785 0.157
1230 36 4.264 0.435
1230.2 41 5.09 0.18
1230.5 41 5.045 0.177
1230.7 45 6.75 0.312
1230.7 36 4.142 0.424
1230.9 36 4.172 0.425
1231.1 36 4.142 0.425
1231.3 41 4.833 0.176
1231.5 41 4.754 0.179
1232.4 18 1.642 0.551
1232.6 18 1.618 0.552
1232.8 36 4.187 0.086
1232.8 18 1.599 0.554
1233.1 18 1.565 0.559
1233.3 36 4.172 0.087
1233.7 36 4.084 0.084
1233.9 36 4.028 0.089
1234.2 45 6.624 -0.047
1234.6 36 3.909 0.084
1234.8 36 3.893 0.085
1235 36 3.878 0.086
1235.3 45 6.329 -0.051
1235.3 36 3.842 0.087
1235.5 45 6.329 -0.054
1235.5 36 3.768 0.086
1235.7 36 3.775 0.086
1235.9 36 3.72 0.089
1236.1 36 3.72 0.087
1236.4 45 6.191 -0.055
1236.4 36 3.674 0.089
1236.6 36 3.591 0.09
1236.8 36 3.584 0.089
1237 36 3.568 0.089
1237.2 36 3.513 0.089
1237.7 45 5.933 -0.056
1237.7 36 3.458 0.091
1237.9 36 3.398 0.092
1238.3 36 3.359 0.092
1238.6 45 5.813 -0.061
1238.6 36 3.312 0.093
1239 36 3.243 0.093
1239.2 36 3.208 0.093
1239.7 36 3.168 0.093
1239.9 36 3.129 0.094
1240.4 45 5.585 -0.065
1240.4 36 3.056 0.098
1240.6 36 3.023 0.101
1240.8 36 2.979 0.1
1241 36 2.952 0.1
1241.2 36 2.895 0.1
1243.8 63 5.813 0.175
1245.9 25 2.806 0.083
1248.4 25 2.483 0.106
1248.9 25 2.424 0.024
1253.9 63 4.46 0.239
1255.8 63 4.343 0.091
1256.4 45 3.418 0.496
1259.8 45 3.196 0.374
1264.8 63 3.162 -0.032
1266.1 63 2.859 0.345
1266.7 63 2.717 0.395
1269.1 16 3.868 0.041
1269.1 23 1.293 0.206
1269.4 16 3.817 -0.063
1270.9 63 2.405 0.238
1272.8 63 2.198 0.077
1273 63 2.143 0.188
1273.9 63 2.04 0.156
1275.3 16 3.175 -0.077
1275.6 16 3.142 0.032
1276 16 3.08 -0.12
1279.4 16 2.35 0.51
1279.6 16 2.43 0.412
1279.8 16 2.486 0.3
1280.1 16 2.509 0.196
1280.5 16 2.428 0.27
1280.7 16 2.294 0.425
1280.9 16 2.141 0.553
1281.8 16 2.128 0.489
1282 16 2.203 0.368
1282.2 16 2.211 0.326
1282.4 16 2.03 0.505
1283.9 61 2.504 -0.048
1293.2 25 1.673 -0.117
1293.4 25 1.648 0.002
1293.7 25 1.622 0.117
1293.9 36 4.202 -0.056
1293.9 25 1.568 0.227
1294.1 25 1.496 0.348
1294.3 25 1.369 0.521
1294.6 25 1.332 0.549
1294.8 36 3.973 0.242
1294.8 25 1.307 0.553
1295 25 1.29 0.556
1295.2 36 3.923 0.244
1295.2 25 1.25 0.567
1295.5 36 3.87 0.247
1295.7 36 3.826 0.25
1295.9 36 3.774 0.249
1296.1 36 3.777 0.256
1296.4 36 3.72 0.257
1296.6 36 3.692 0.255
1296.8 36 3.644 0.26
1297 36 3.634 0.259
1297.3 36 3.593 0.263
1297.5 36 3.588 0.266
1297.7 36 3.545 0.265
1297.9 36 3.504 0.27
1298.1 36 3.461 0.272
1298.4 36 3.435 0.275
1298.6 36 3.418 0.276
1298.8 36 3.379 0.281
1299 36 3.318 0.283
1299.2 36 3.27 0.285
1299.4 36 3.265 0.287
1300.5 14 3.406 0.46
1300.7 18 4.219 0.433
1300.7 14 3.347 0.455
1301 14 3.303 0.454
1301.2 18 4.172 0.436
1301.2 14 3.267 0.45
1301.4 14 3.231 0.441
1301.6 18 4.073 0.453
1301.9 36 2.947 -0.227
1301.9 14 3.162 0.435
1301.9 18 4.202 0.446
1302.1 14 3.109 0.433
1302.1 18 4.028 0.456
1302.3 14 3.045 0.429
1302.3 18 3.973 0.464
1302.5 18 3.919 0.467
1302.8 14 2.973 0.427
1302.8 18 3.924 0.463
1303 14 2.922 0.425
1303 18 3.88 0.461
1303.2 14 2.849 0.427
1303.2 18 3.839 0.473
1303.4 36 2.73 -0.246
1303.4 14 2.802 0.43
1303.4 18 3.823 0.477
1303.7 14 2.754 0.432
1303.7 18 3.768 0.483
1304.1 14 2.628 0.429
1304.1 18 3.72 0.499
1304.4 36 2.578 -0.267
1304.4 14 2.574 0.424
1304.6 36 2.546 -0.267
1304.6 14 2.53 0.423
1304.6 18 3.63 0.495
1304.8 36 2.525 -0.257
1304.8 14 2.505 0.418
1304.8 18 3.631 0.498
1305 36 2.483 -0.261
1305 14 2.446 0.409
1305 18 3.574 0.503
1305.3 14 2.416 0.405
1305.3 18 3.541 0.508
1305.5 36 2.414 -0.28
1305.5 14 2.369 0.401
1305.5 18 3.485 0.511
1305.7 14 2.335 0.396
1305.7 18 3.465 0.514
1305.9 14 2.264 0.394
1306.2 14 2.218 0.393
1306.2 18 3.392 0.524
1306.4 14 2.167 0.393
1306.4 18 3.349 0.527
1306.6 14 2.114 0.397
1306.6 18 3.313 0.53
1306.9 18 3.282 0.535
1307.1 18 3.267 0.54
1307.3 18 3.208 0.546
1307.5 18 3.169 0.551
1307.8 18 3.136 0.557
1308 18 3.135 0.562
1308.2 18 3.098 0.564
1308.6 18 3.267 0.388
1309.3 18 2.958 0.572
1310.4 14 1.264 0.399
1311.3 18 3.151 0.154
1311.5 9 2.483 0.491
1311.7 9 2.589 0.377
1313 72 3.009 0.57
1313.2 72 2.978 0.567
1314.9 9 2.291 0.164
1316.6 72 3.033 0.264
1317 72 3.065 0.021
1317.2 72 3.033 -0.092
1317.6 70 4.233 -0.079
1317.8 70 4.233 -0.087
1318.3 70 4.151 -0.092
1318.5 70 4.084 -0.083
1318.7 70 4.084 -0.083
1318.9 70 4.028 -0.087
1320.8 70 3.731 -0.102
1321.1 70 3.694 -0.102
1321.5 70 3.674 -0.111
1321.7 70 3.619 -0.111
1321.9 70 3.584 -0.117
1322.1 70 3.518 -0.116
1325.3 70 3.065 -0.235
1325.7 70 3.003 -0.242
1326.1 70 2.915 -0.25
1326.3 70 2.887 -0.256
1326.6 70 2.859 -0.261
1327 70 2.859 -0.176
1327.4 70 2.854 -0.007
1327.6 70 2.79 0.007
1327.8 70 2.767 0.009
1328.1 70 2.735 0.006
1328.3 70 2.69 0.01
1328.5 70 2.672 0.01
1328.7 70 2.638 0.009
1328.9 70 2.611 0.009
1329.1 70 2.551 0.008
1329.3 70 2.535 0.007
1329.6 70 2.501 0.008
1329.8 70 2.477 0.008
1330 70 2.434 0.006
1330.4 70 2.314 0.247
1330.6 70 2.222 0.356
1330.8 70 2.179 0.372
1331.1 70 2.147 0.381
1331.3 70 2.117 0.387
1331.5 70 2.103 0.382
1331.7 70 2.053 0.399
1331.9 70 2.023 0.397
1332.2 70 1.982 0.407
1332.4 70 1.952 0.413
1332.6 70 1.925 0.418
1332.8 70 1.885 0.428
1333 70 1.851 0.428
1333.2 70 1.821 0.439
1334.3 70 1.673 0.466
1334.5 70 1.616 0.492
1334.8 70 1.611 0.485
1335 70 1.569 0.496
1335.4 70 1.515 0.514
1335.6 70 1.489 0.516
1335.8 70 1.431 0.539
1336 70 1.393 0.551
1336.3 70 1.362 0.557
1336.5 70 1.351 0.563
1336.7 70 1.322 0.571
1343 54 2.578 0.023
1343.7 54 2.465 0.041
1343.9 54 2.44 0.043
1344.3 54 2.374 0.044
1344.7 54 2.297 0.045
1345.4 54 2.207 0.049
1345.6 54 2.175 0.048
1347.3 27 4.142 0.035
1347.5 27 4.084 0.036
1347.7 27 4.038 0.037
1348 27 4.028 0.036
1348.2 27 3.973 0.035
1348.6 27 3.919 0.036
1348.8 27 3.919 0.036
1349 27 3.868 0.037
1349.2 27 3.868 0.028
1350.1 27 3.72 0.037
1350.3 27 3.72 0.036
1350.5 27 3.628 0.035
1350.7 27 3.599 0.039
1351 27 3.588 0.034
1351.2 27 3.541 0.037
1351.4 27 3.541 0.034
1351.6 27 3.541 0.028
1351.8 27 3.458 0.028
1352 27 3.418 0.028
1352.2 27 3.379 0.029
1352.5 27 3.379 0.028
1352.7 27 3.303 0.034
1352.9 27 3.303 0.03
1358.3 27 2.634 0.039
1358.5 27 2.567 0.041
1358.8 27 2.553 0.039
1359 27 2.506 0.043
1359.2 27 2.487 0.043
1359.6 27 2.414 0.044
1359.8 27 2.393 0.042
1360 27 2.339 0.043
1360.3 27 2.313 0.048
1360.5 27 2.285 0.045
1360.9 27 2.228 0.037
1361.3 27 2.17 0.053
1361.5 27 2.125 0.039
1361.8 27 2.091 0.046
1362.2 27 2.032 0.041
1362.4 27 2.004 0.043
1362.6 27 1.973 0.049
1362.8 27 1.925 0.039
1363.1 27 1.888 0.05
1363.7 27 1.799 0.055
1365.2 27 1.576 0.047
1367.2 7 3.231 -0.175
1367.4 7 3.196 -0.163
1367.6 7 3.196 -0.162
1367.8 7 3.162 -0.162
1368.1 7 3.109 -0.162
1368.3 7 3.087 -0.163
1368.5 7 3.049 -0.165
1368.7 7 3.033 -0.166
1368.9 7 2.974 -0.172
1369.4 7 2.915 -0.174
1369.6 7 2.887 -0.176
1369.8 7 2.859 -0.179
1370.1 7 2.832 -0.169
1370.3 7 2.772 -0.183
1370.5 7 2.741 -0.185
1370.7 7 2.705 -0.184
1370.9 7 2.687 -0.066
1371.2 7 2.681 0.048
1371.4 7 2.634 0.16
1371.6 7 2.546 0.284
1371.8 7 2.443 0.391
1372 7 2.297 0.523
1374.4 18 4.833 0.542
1374.8 18 4.754 0.553
1375 18 4.702 0.56
1375.3 18 4.677 0.557
1376.3 9 4.202 0.352
1377.9 9 3.955 0.366
1379 9 3.768 0.387
1379.2 9 3.768 0.382
1379.6 9 3.674 0.397
1379.8 9 3.648 0.397
1381.4 90 3.418 0.307
1382.7 7 2.78 0.261
1384.6 27 1.707 0.473
1385.1 27 1.628 0.49
1385.5 27 1.562 0.512
1385.7 27 1.552 0.501
1385.9 27 1.51 0.526
1386.4 27 1.444 0.542
1386.8 27 1.396 0.552
1387.2 27 1.344 0.563
1394.5 7 2.104 0.167
1394.7 7 2.04 0.316
1395 7 1.896 0.522
1397.6 9 4.316 0.536
1397.8 81 1.834 0.055
1398 81 1.802 0.06
1398.2 9 4.182 0.549
1398.5 81 1.728 0.067
1398.7 9 4.084 0.551
1398.9 81 1.669 0.061
1399.3 81 1.615 0.08
1401.3 81 1.299 0.091
1407.3 90 3.379 0.291
1408.4 7 2.646 0.403
1414.5 27 1.32 0.515
1414.9 27 1.25 0.533
1415.6 27 1.163 0.56
1415.8 27 1.142 0.565
1422.4 81 1.806 0.364
1423 72 4.46 0.062
1423.3 72 4.46 0.054
1423.5 72 4.415 0.049
1425.3 72 4.142 0.048
1425.5 72 4.084 0.047
1425.9 72 4.028 0.046
1426.1 61 6.782 -0.092
1426.4 72 3.973 0.044
1426.8 61 6.782 -0.096
1426.8 72 3.868 0.045
1427 72 3.868 0.045
1427.5 72 3.784 0.045
1428.6 72 3.595 0.042
1428.8 72 3.606 0.041
1429 72 3.541 0.041
1429.3 72 3.527 0.041
1429.5 72 3.49 0.041
1430.4 72 3.34 0.04
1430.6 72 3.303 0.043
1433.2 90 3.628 0.065
1434.3 7 2.906 0.146
1437.4 27 1.579 0.45
1437.6 27 1.542 0.458
1437.8 27 1.515 0.465
1438.3 27 1.463 0.476
1439.6 27 1.251 0.542
1439.8 27 1.238 0.538
1440.3 27 1.169 0.563
1447.6 54 2.754 -0.046
1448.9 61 7.123 0.18
1448.9 81 1.66 0.468
1449.1 81 1.618 0.48
1449.3 70 4.754 -0.003
1449.5 81 1.565 0.487
1450 81 1.584 0.369
1450.2 81 1.607 0.208
1450.6 81 1.58 0.072
1451.1 81 1.518 0.064
1452.2 81 1.347 0.096
1453 9 3.825 0.535
1453.3 9 3.817 0.534
1453.5 9 3.768 0.544
1454.2 9 3.674 0.551
1454.6 9 3.623 0.556
1455 9 3.547 0.562
1455.3 9 3.541 0.562
1455.5 9 3.487 0.568
1455.7 9 3.458 0.57
1459.9 7 2.887 -0.079
1461.9 27 1.683 0.412
1462.1 27 1.638 0.422
1462.5 27 1.585 0.425
1463 27 1.509 0.456
1463.2 27 1.481 0.461
1463.4 27 1.468 0.452
1463.9 27 1.403 0.475
1464.1 27 1.351 0.495
1464.8 27 1.26 0.53
1465.2 27 1.186 0.551
1465.7 27 1.14 0.565
1473.6 81 1.746 0.552
1474.6 41 3.458 0.543
1474.6 9 4.327 0.56
1475.1 81 1.842 0.102
1475.3 41 3.418 0.571
1475.5 9 4.202 0.563
1475.7 81 1.743 0.102
1476.4 9 4.084 0.57
1476.6 36 6.624 0.566
1476.6 9 4.028 0.572
1479.4 72 3.768 -0.073
1481 72 3.541 -0.087
1481.4 72 3.458 -0.089
1481.6 72 3.458 -0.092
1485.2 54 2.109 0.003
1485.4 54 2.094 0.143
1485.8 54 1.963 0.422
1488.6 27 1.757 0.512
1488.8 27 1.718 0.525
1489 27 1.669 0.549
1489.2 27 1.628 0.556
1489.4 27 1.601 0.559
1489.7 27 1.585 0.563
1489.9 27 1.56 0.567
1501.9 81 1.852 0.212
1502.1 81 1.829 0.207
1502.3 81 1.794 0.207
1502.5 72 4.393 0.117
1502.5 81 1.771 0.21
1502.8 61 7.307 -0.003
1502.8 81 1.738 0.212
1503 61 7.123 -0.004
1503 81 1.706 0.215
1503.4 81 1.631 0.224
1503.6 81 1.599 0.226
1503.8 81 1.583 0.214
1504.1 72 4.142 0.117
1504.1 81 1.548 0.229
1504.3 61 6.977 -0.014
1504.3 81 1.52 0.234
1504.5 72 4.142 0.113
1504.5 81 1.491 0.222
1504.7 81 1.446 0.228
1504.9 5 5.245 0.086
1505.1 72 4.009 0.115
1505.1 81 1.378 0.254
1505.4 72 3.973 0.116
1505.6 72 3.955 0.117
1505.8 5 5.001 0.068
1506 72 3.868 0.115
1506.4 5 4.833 0.057
1506.4 72 3.817 0.119
1506.7 72 3.768 0.12
1506.9 72 3.744 0.122
1507.1 61 6.691 -0.021
1507.1 5 4.677 0.045
1507.1 72 3.689 0.12
1507.5 61 6.473 -0.029
1507.5 5 4.53 0.031
1508 61 6.473 -0.029
1508 5 4.393 0.024
1508 72 3.584 0.118
1508.2 72 3.541 0.119
1508.4 72 3.499 0.119
1508.9 72 3.458 0.12
1509.1 5 4.028 -0.01
1509.1 72 3.386 0.121
1509.3 5 3.973 -0.018
1509.3 72 3.369 0.122
1509.5 5 3.919 -0.017
1510 5 3.768 -0.032
1510 72 3.249 0.126
1510.2 5 3.72 -0.035
1510.5 5 3.72 -0.036
1510.7 5 3.628 -0.044
1510.9 5 3.584 -0.048
1512.8 54 2.003 0.004
1515.1 27 2.06 0.061
1515.5 27 1.975 0.224
1515.7 27 1.944 0.238
1516.4 27 1.845 0.257
1516.6 27 1.8 0.264
1516.8 27 1.768 0.264
1517.9 27 1.599 0.292
1518.2 27 1.568 0.297
1518.4 27 1.543 0.3
1518.8 27 1.47 0.315
1519 27 1.455 0.299
1519.2 27 1.415 0.32
1520.3 27 1.239 0.377
1520.8 27 1.18 0.377
1527 54 2.483 0.349
1528.1 81 1.669 0.546
1529.4 81 1.785 0.141
1529.4 9 4.327 0.527
1529.6 81 1.742 0.141
1530.1 81 1.686 0.141
1530.3 9 4.202 0.533
1530.5 9 4.202 0.535
1530.7 81 1.581 0.146
1530.9 9 4.084 0.543
1531.1 81 1.519 0.158
1532 9 3.919 0.566
1532.2 81 1.345 0.154
1532.4 9 3.868 0.572
1538.7 7 2.595 0.496
1539.3 7 2.898 -0.015
1540.9 7 2.657 -0.249
1541.1 7 2.623 -0.253
1541.3 7 2.589 -0.259
1541.5 7 2.556 -0.261
1542 7 2.483 -0.271
1542.2 7 2.443 -0.276
1542.5 7 2.424 -0.277
1545.4 7 2.067 0.315
1545.6 7 1.98 0.414
1545.8 7 1.875 0.527
1547.8 7 1.683 0.479
1548 7 1.732 0.362
1548.2 7 1.756 0.247
1548.5 7 1.766 0.124
1548.7 7 1.743 0.001
1551.3 27 1.484 0.552
1551.5 27 1.533 0.442
1551.7 27 1.569 0.332
1551.9 27 1.583 0.17
1552.1 27 1.568 0.043
1553.2 54 2.788 0.558
1553.4 54 2.771 0.561
1553.6 54 2.73 0.563
1554 54 2.657 0.57
1558.4 14 4.677 0.147
1558.6 14 4.677 0.143
1558.6 81 1.649 0.385
1558.8 14 4.664 0.144
1558.8 81 1.62 0.388
1559 14 4.652 0.147
1559 81 1.571 0.396
1559.2 14 4.677 0.151
1559.2 81 1.542 0.409
1559.5 14 4.677 0.155
1559.5 81 1.515 0.409
1559.7 61 6.948 0.122
1559.7 81 1.489 0.413
1559.9 61 7.123 0.124
1559.9 72 4.028 0.263
1560.1 81 1.434 0.416
1560.3 14 4.602 0.181
1560.3 81 1.398 0.419
1560.6 14 4.602 0.182
1560.6 81 1.364 0.432
1560.8 81 1.32 0.459
1561 61 6.782 0.128
1561 72 3.893 0.275
1561.4 61 6.782 0.13
1561.4 81 1.228 0.472
1561.6 61 6.782 0.128
1561.6 81 1.185 0.499
1561.9 72 3.72 0.285
1562.1 61 6.641 0.13
1562.1 81 1.128 0.517
1562.3 14 4.393 0.249
1562.3 81 1.095 0.526
1562.5 61 6.624 0.126
1562.5 72 3.628 0.292
1562.7 14 4.295 0.266
1563.4 72 3.509 0.299
1563.6 70 4.028 -0.082
1563.8 61 6.473 0.131
1563.8 72 3.458 0.305
1564 61 6.329 0.135
1567.2 7 2.567 0.485
1568.1 7 2.832 -0.076
1568.5 7 2.742 -0.175
1568.8 7 2.718 -0.183
1569 7 2.678 -0.19
1569.2 7 2.672 -0.182
1575.8 27 1.114 0.202
1578.4 54 2.657 -0.126
1579 70 4.715 0.192
1579.6 70 4.602 0.172
1580.1 61 6.473 0.373
1580.7 81 1.321 0.504
1582.2 5 4.306 0.393
1582.2 18 4.754 0.476
1582.4 5 4.327 0.388
1582.4 18 4.754 0.475
1582.6 18 4.715 0.472
1582.9 18 4.671 0.477
1583.1 5 4.327 0.384
1583.1 18 4.666 0.48
1583.3 5 4.36 0.379
1583.3 18 4.602 0.483
1583.5 18 4.53 0.487
1583.8 9 4.142 0.252
1584 5 4.327 0.381
1584 18 4.495 0.492
1584.2 5 4.327 0.379
1584.2 18 4.46 0.494
1584.4 5 4.327 0.377
1584.7 18 4.393 0.493
1584.9 9 3.973 0.255
1584.9 5 4.327 0.371
1585.1 9 3.919 0.265
1585.1 18 4.327 0.507
1585.3 9 3.919 0.256
1585.3 5 4.327 0.374
1585.3 18 4.305 0.509
1585.5 9 3.868 0.267
1585.5 5 4.327 0.372
1585.5 18 4.264 0.511
1585.8 9 3.817 0.272
1585.8 5 4.327 0.369
1585.8 18 4.264 0.507
1586 18 4.202 0.51
1586.2 9 3.768 0.27
1586.2 5 4.274 0.363
1586.2 18 4.172 0.521
1586.4 5 4.327 0.358
1586.7 9 3.703 0.272
1586.7 5 4.264 0.356
1586.7 18 4.084 0.531
1586.9 9 3.674 0.277
1586.9 5 4.327 0.346
1586.9 18 4.028 0.532
1587.1 9 3.639 0.278
1587.1 5 4.264 0.346
1587.1 18 4.028 0.535
1587.3 5 4.327 0.343
1587.3 18 3.973 0.54
1587.5 18 3.919 0.547
1587.8 9 3.548 0.287
1587.8 18 3.916 0.547
1588 9 3.507 0.287
1588 5 4.327 0.325
1588.2 9 3.485 0.288
1588.2 5 4.24 0.326
1588.2 18 3.868 0.552
1588.4 9 3.442 0.296
1588.4 18 3.772 0.559
1588.9 9 3.371 0.29
1588.9 18 3.72 0.567
1589.1 9 3.322 0.299
1589.1 18 3.723 0.564
1589.3 9 3.308 0.301
1589.3 18 3.68 0.566
1589.6 9 3.276 0.295
1589.6 18 3.658 0.568
1589.8 5 4.202 0.289
1589.8 9 3.231 0.3
1589.8 18 3.641 0.569
1590 5 4.202 0.292
1590 9 3.196 0.303
1590 18 3.613 0.571
1590.2 9 3.162 0.305
1590.5 9 3.145 0.314
1590.7 9 3.096 0.317
1590.9 9 3.075 0.317
1591.1 9 3.024 0.323
1591.4 9 2.981 0.33
1591.6 9 2.972 0.332
1591.8 9 2.935 0.333
1592.1 9 2.886 0.341
1592.3 9 2.864 0.341
1592.5 9 2.839 0.345
1592.7 9 2.79 0.35
1592.9 9 2.765 0.353
1593.2 9 2.712 0.359
1593.4 9 2.698 0.357
1593.6 9 2.664 0.365
1593.8 9 2.622 0.369
1594 9 2.6 0.372
1594.3 9 2.563 0.37
1594.5 9 2.526 0.384
1594.7 9 2.487 0.385
1594.9 9 2.455 0.389
1595.1 9 2.427 0.395
1595.4 9 2.376 0.401
1595.6 9 2.344 0.409
1595.8 9 2.32 0.411
1596 9 2.311 0.403
1596.2 9 2.323 0.316
1596.7 18 3.129 0.422
1596.9 18 3.221 0.306
1597.1 9 2.314 -0.104
1597.5 18 3.267 0.055
1597.8 18 3.231 0.047
1598 18 3.196 0.039
1598.2 18 3.159 0.04
1598.4 18 3.14 0.039
1598.6 18 3.104 0.04
1598.9 18 3.067 0.037
1599.1 18 3.031 0.039
1599.3 18 3.004 0.035
1599.5 18 2.954 0.037
1599.7 18 2.916 0.037
1600 18 2.903 0.037
1600.2 18 2.863 0.038
1600.4 18 2.82 0.039
1600.6 18 2.797 0.039
1600.9 18 2.749 0.038
1601.8 18 2.606 0.046
1602 18 2.566 0.045
1602.2 18 2.535 0.043
1602.4 18 2.516 0.044
1602.6 18 2.467 0.045
1602.9 18 2.435 0.045
1603.5 18 2.346 0.046
1603.8 18 2.303 0.046
1604 18 2.275 0.045
1604.2 18 2.243 0.047
1604.5 18 2.19 0.047
1604.7 18 2.16 0.047
1604.9 18 2.133 0.047
1605.1 18 2.097 0.047
1605.4 18 2.053 0.049
1605.6 18 2.029 0.049
1605.8 18 1.995 0.049
1606 18 1.963 0.049
1606.2 18 1.94 0.047
1606.5 18 1.887 0.048
1606.7 18 1.855 0.05
1606.9 18 1.843 0.034
1607.1 18 1.795 0.053
1607.6 18 1.726 0.055
1608 18 1.663 0.035
1608.2 18 1.609 0.054
1608.5 18 1.578 0.06
1608.7 18 1.553 0.083
1609.4 18 1.448 0.035
1609.8 18 1.379 0.06
1610 18 1.348 0.065
1610.2 18 1.322 0.071
1614.9 36 2.994 -0.07
1615.1 36 2.955 -0.067
1615.3 36 2.951 -0.066
1615.5 36 2.92 -0.066
1616 45 5.479 0.014
1616 36 2.859 0.113
1616.2 36 2.832 0.129
1616.4 36 2.769 0.135
1616.6 36 2.747 0.139
1616.8 36 2.702 0.142
1617.1 45 5.376 0.035
1617.3 36 2.617 0.147
1617.5 36 2.597 0.148
1617.7 36 2.576 0.15
1617.9 36 2.536 0.15
1618.1 36 2.504 0.151
1618.4 36 2.468 0.154
1618.6 36 2.43 0.155
1619.2 45 4.754 0.296
1619.2 36 2.186 0.424
1619.4 36 2.183 0.434
1619.7 5 4.602 -0.096
1619.7 36 2.106 0.453
1619.9 36 2.089 0.461
1620.1 36 2.036 0.47
1620.3 36 2.013 0.475
1620.5 36 1.973 0.484
1620.7 36 1.943 0.489
1621 45 4.53 0.332
1621.2 36 1.874 0.506
1621.8 36 1.782 0.529
1622 45 4.382 0.343
1622 36 1.752 0.536
1622.3 45 4.327 0.343
1622.5 45 4.327 0.344
1622.5 36 1.663 0.561
1622.7 45 4.264 0.352
1622.7 36 1.643 0.566
1622.9 45 4.202 0.353
1622.9 36 1.62 0.57
1623.8 45 4.028 0.363
1624 45 4.028 0.365
1624.2 45 4.028 0.363
1624.4 45 3.973 0.37
1624.9 45 3.919 0.375
1625.3 45 3.868 0.378
1625.5 45 3.824 0.38
1625.8 45 3.768 0.385
1626.6 45 3.674 0.391
1626.8 45 3.61 0.395
1627.3 45 3.541 0.402
1627.5 45 3.507 0.403
1627.7 45 3.499 0.407
1627.9 45 3.462 0.409
1628.1 45 3.458 0.413
1628.3 45 3.418 0.417
1628.5 45 3.34 0.417
1628.8 45 3.31 0.421
1629 45 3.303 0.423
1629.2 45 3.267 0.428
1629.6 45 3.203 0.439
1629.8 45 3.196 0.438
1630.3 45 3.076 0.45
1630.5 45 3.068 0.455
1630.9 45 3.026 0.459
1631.3 45 2.924 0.473
1631.8 45 2.865 0.483
1632 45 2.832 0.487
1636.3 45 2.662 0.038
1636.6 45 2.657 0.044
1636.8 45 2.599 0.051
1637 45 2.572 0.051
1637.2 45 2.548 0.053
1637.5 45 2.487 0.052
1637.7 45 2.458 0.05
1637.9 45 2.442 0.046
1638.1 45 2.396 0.049
1638.4 45 2.357 0.049
1638.6 45 2.321 0.048
1638.8 45 2.306 0.046
1639.3 45 2.235 0.043
1639.5 45 2.19 0.051
1639.7 45 2.163 0.055
1639.9 45 2.137 0.051
1640.2 45 2.107 0.048
1640.4 45 2.051 0.053
1640.6 45 2.021 0.054
1640.9 45 1.995 0.053
1641.3 45 1.915 0.055
1641.5 45 1.882 0.055
1641.7 45 1.854 0.055
1642 45 1.809 0.057
1642.2 45 1.784 0.053
1642.4 45 1.755 0.054
1642.9 45 1.671 0.057
1643.1 45 1.639 0.059
1643.3 45 1.614 0.057
1644.2 45 1.476 0.047
1644.7 45 1.338 0.333
1644.9 45 1.313 0.349
1645.1 45 1.29 0.355
1645.3 45 1.25 0.371
1646 45 1.14 0.403
1646.2 45 1.126 0.403
1646.5 45 1.096 0.414
1651.3 16 4.833 0.196
1660.7 63 2.339 0.025
1661 63 2.321 0.039
1661.2 63 2.271 0.041
1661.4 63 2.241 0.052
1661.6 63 2.204 0.053
1661.9 63 2.177 0.053
1662.1 63 2.127 0.055
1662.8 63 2.02 0.055
1663 63 1.983 0.056
1663.2 63 1.959 0.058
1663.5 63 1.926 0.057
1663.7 63 1.882 0.058
1663.9 63 1.849 0.065
1664.2 63 1.817 0.062
1664.4 63 1.772 0.055
1664.6 63 1.735 0.064
1665.1 63 1.662 0.062
1665.3 63 1.631 0.079
1665.6 63 1.598 0.063
1666 63 1.524 0.067
1666.9 63 1.384 0.111
1667.1 63 1.334 0.227
1667.6 63 1.229 0.399
1667.8 16 3.72 -0.06
1667.8 63 1.197 0.413
1668 63 1.152 0.437
1668.3 16 3.663 -0.06
1668.3 63 1.125 0.442
1668.5 16 3.628 -0.066
1668.5 63 1.091 0.449
1668.7 16 3.579 -0.064
1668.9 16 3.541 -0.064
1669.1 16 3.506 -0.068
1669.6 16 3.424 -0.067
1669.8 16 3.41 -0.071
1670 16 3.359 -0.07
1670.3 16 3.354 -0.073
1670.5 16 3.272 -0.072
1670.7 16 3.249 -0.073
1670.9 16 3.231 -0.075
1671.2 16 3.231 -0.09
1671.4 16 3.157 -0.08
1671.6 16 3.124 -0.081
1671.8 16 3.096 -0.081
1672 16 3.065 -0.093
1672.3 16 3.02 -0.085
1672.5 16 2.986 -0.088
1672.7 16 2.954 -0.088
1672.9 16 2.919 -0.089
1673.2 16 2.896 -0.089
1673.6 16 2.821 -0.094
1673.8 16 2.819 -0.114
1674 16 2.742 -0.098
1674.5 16 2.681 -0.104
1674.7 16 2.64 -0.107
1674.9 16 2.614 -0.108
1675.4 16 2.536 -0.118
1675.6 16 2.508 -0.113
1675.8 16 2.477 -0.112
1676 16 2.447 -0.113
1676.2 16 2.438 -0.003
1676.5 16 2.397 0.117
1676.9 16 2.309 0.174
1677.1 16 2.27 0.178
1677.3 16 2.246 0.179
1677.5 16 2.215 0.181
1677.8 16 2.179 0.184
1678.2 16 2.104 0.188
1678.4 16 2.066 0.189
1678.7 16 2.04 0.192
1678.9 16 2.001 0.184
1679.1 16 1.962 0.199
1679.3 16 1.932 0.201
1679.5 16 1.939 0.177
1679.8 16 1.869 0.207
1680 16 1.842 0.206
1681 16 1.773 -0.091
1681.3 16 1.746 -0.084
1681.9 16 1.648 -0.036
1682.1 16 1.623 0.074
1682.4 16 1.567 0.198
1682.6 16 1.52 0.251
1682.8 16 1.498 0.245
1683 16 1.451 0.271
1683.5 16 1.408 0.2
1683.7 16 1.389 0.018
1684.6 16 1.273 0.018
1690.7 61 2.443 0.043
1690.9 61 2.396 0.055
1691.6 61 2.302 0.062
1691.8 61 2.27 0.063
1692 61 2.198 0.194
1692.2 61 2.179 0.202
1692.4 61 2.149 0.21
1692.6 61 2.119 0.215
1692.9 61 2.081 0.22
1693.1 61 2.037 0.223
1693.3 61 2.001 0.226
1693.5 61 1.981 0.226
1693.7 61 1.933 0.231
1694 61 1.914 0.234
1694.2 61 1.872 0.238
1694.4 61 1.827 0.244
1694.6 61 1.794 0.246
1694.9 61 1.762 0.249
1695.1 61 1.732 0.252
1695.3 61 1.693 0.258
1695.5 61 1.661 0.261
1695.8 61 1.635 0.265
1696 61 1.586 0.27
1696.2 61 1.555 0.275
1696.5 61 1.527 0.281
1696.7 61 1.494 0.288
1696.9 61 1.446 0.297
1697.1 61 1.415 0.302
1697.4 61 1.386 0.308
1697.6 61 1.342 0.317
1697.8 61 1.309 0.326
1698 61 1.283 0.332
1698.3 61 1.253 0.341
1698.5 61 1.224 0.339
1698.7 61 1.175 0.362
1698.9 61 1.17 0.349
1699.1 61 1.133 0.364
1705.2 25 2.214 0.413
1707.2 63 3.231 0.485
1707.4 63 3.267 0.474
1707.6 63 3.176 0.494
1707.9 63 3.162 0.49
1709.2 63 2.964 0.515
1709.4 63 2.952 0.518
1709.6 63 2.887 0.528
1709.9 63 2.864 0.526
1710.3 63 2.806 0.551
1710.6 63 2.765 0.544
1710.8 63 2.722 0.55
1711 63 2.697 0.556
1711.2 63 2.664 0.558
1711.5 63 2.641 0.56
1711.7 63 2.607 0.564
1711.9 63 2.569 0.567
1712.1 63 2.529 0.57
1718 63 2.048 0.472
1718.2 63 2.017 0.473
1718.9 63 1.924 0.489
1719.1 63 1.886 0.5
1719.4 63 1.858 0.506
1719.6 63 1.811 0.518
1719.8 63 1.795 0.509
1720.1 63 1.753 0.531
1720.3 63 1.731 0.528
1720.5 63 1.747 0.463
1720.9 63 1.816 0.251
1721.1 63 1.808 0.241
1721.4 63 1.779 0.225
1721.6 63 1.746 0.202
1721.8 63 1.697 0.225
1722.5 63 1.635 0.031
1723.1 45 3.919 0.164
1723.3 45 3.919 0.17
1723.5 45 3.919 0.172
1723.8 45 3.86 0.171
1725.7 36 4.46 -0.026
1725.9 36 4.46 -0.039
1726.1 36 4.393 -0.04
1726.4 36 4.393 -0.051
1727.5 9 4.833 0.557
1727.7 23 5.182 0.419
1727.7 5 3.857 0.533
1729.9 45 3.049 0.294
1738.8 36 2.806 -0.136
1739 36 2.794 -0.017
1739.2 36 2.757 0.094
1739.4 36 2.688 0.217
1740.1 36 2.611 -0.151
1741.4 25 1.487 0.503
1741.6 25 1.528 0.408
1741.9 25 1.553 0.294
1742.1 25 1.567 0.177
1743.8 61 3.509 -0.079
1744 61 3.49 -0.079
1744.7 16 3.004 0.552
1744.9 16 3.19 0.391
1745.1 16 3.303 0.264
1745.3 16 3.333 0.157
1745.6 16 3.34 0.034
1746.6 63 1.881 0.419
1746.9 63 1.927 0.308
1747.1 63 1.939 0.193
1751.1 45 2.443 -0.082
1751.3 45 2.386 -0.194
1752.1 36 2.618 0.463
1752.4 36 2.705 0.339
1752.6 36 2.754 0.207
1752.8 36 2.784 0.072
1753 36 2.73 -0.097
1754.3 25 1.639 0.49
1754.5 25 1.682 0.372
1755.2 25 1.546 0.48
1755.8 25 1.463 0.501
1756.9 25 1.361 0.486
1760 9 3.628 0.121
1761.3 72 3.919 0.183
1765 61 3.243 -0.037
1765.2 61 3.196 -0.05
1765.4 61 3.171 -0.057
1766.1 16 3.34 0.536
1766.3 16 3.44 0.47
1766.8 16 3.381 0.48
1767 16 3.359 0.488
1767.2 16 3.307 0.486
1767.4 16 3.267 0.493
1767.7 16 3.237 0.492
1767.9 16 3.2 0.497
1768.1 16 3.169 0.501
1768.3 16 3.129 0.511
1768.5 16 3.102 0.511
1768.8 16 3.079 0.515
1769 16 3.048 0.518
1769.2 16 2.999 0.527
1771.8 61 2.28 -0.118
1794.5 16 2.103 0.065
1804.3 63 2.042 0.517
1804.5 63 2.021 0.517
1804.7 63 1.991 0.52
1805.4 63 2.067 0.308
1805.6 63 2.094 0.183
1805.8 63 2.058 0.141
1805.8 45 3.919 0.545
1806.3 63 2.004 0.137
1806.5 45 3.868 0.547
1806.8 63 1.931 0.139
1806.8 45 3.776 0.547
1807 63 1.903 0.146
1807.2 63 1.883 0.049
1807.9 63 1.79 -0.11
1807.9 45 4.084 0.3
1808.1 45 4.028 0.301
1808.3 45 3.973 0.292
1810.1 45 3.72 0.311
1810.8 45 3.611 0.317
1811 45 3.553 0.32
1811.3 45 3.559 0.324
1811.7 45 3.475 0.335
1812.8 36 3.925 0.505
1813.2 36 3.919 0.506
1813.4 36 3.87 0.507
1813.7 36 3.827 0.512
1813.9 36 3.817 0.516
1814.3 36 3.817 0.464
1814.5 36 3.946 0.366
1815.2 18 5.697 0.428
1815.2 14 4.916 0.543
1815.6 14 4.916 0.536
1816.5 25 2.386 0.331
1816.7 14 5.197 -0.02
1816.7 25 2.392 0.269
1816.9 9 5.376 0.064
1816.9 25 2.364 0.261
1817.1 25 2.338 0.269
1817.3 25 2.291 0.272
1817.6 9 5.277 0.055
1817.6 25 2.257 0.276
1817.8 9 5.277 0.056
1817.8 25 2.227 0.278
1818 9 5.182 0.053
1818 25 2.201 0.281
1818.2 9 5.182 0.055
1818.2 25 2.172 0.283
1818.4 14 4.734 -0.047
1818.4 25 2.118 0.291
1818.7 14 4.677 -0.05
1818.7 9 5.09 0.058
1818.9 25 2.067 0.317
1819.1 25 2.026 0.306
1819.3 25 2.037 0.208
1834.4 63 2.806 -0.12
1834.6 63 2.772 -0.125
1834.9 63 2.738 -0.124
1835.1 63 2.72 -0.113
1835.3 63 2.673 -0.112
1835.5 63 2.637 -0.13
1835.7 63 2.611 -0.117
1836.2 63 2.529 -0.125
1836.8 63 2.443 -0.128
1837 63 2.38 -0.147
1837.9 63 2.264 -0.156
1838.3 63 2.214 -0.032
1838.5 63 2.19 0.074
1838.8 63 2.164 0.1
1839 63 2.126 0.109
1839.2 63 2.112 0.114
1839.4 63 2.062 0.119
1839.9 63 1.982 0.122
1840.1 63 1.959 0.123
1840.3 63 1.924 0.125
1840.5 63 1.901 0.127
1841 63 1.817 0.119
1841.2 63 1.786 0.136
1841.4 63 1.752 0.13
1841.6 63 1.707 0.13
1841.9 63 1.676 0.14
1845.8 36 3.379 -0.123
1845.8 18 4.94 0.373
1845.8 41 4.264 0.5
1845.8 14 2.375 0.511
1846 36 3.303 -0.124
1846 18 4.904 0.373
1846 14 2.36 0.516
1846.2 36 3.271 -0.127
1846.2 18 4.833 0.372
1846.2 41 4.202 0.49
1846.2 14 2.369 0.52
1846.7 36 3.267 -0.13
1846.7 18 4.838 0.37
1846.7 41 4.084 0.496
1846.7 14 2.402 0.521
1846.9 36 3.259 -0.129
1846.9 18 4.854 0.37
1846.9 41 4.056 0.496
1846.9 14 2.433 0.518
1847.1 36 3.245 -0.13
1847.1 18 4.874 0.371
1847.1 14 2.457 0.515
1847.1 90 6.4 0.571
1847.4 36 3.244 -0.129
1847.4 18 4.863 0.37
1847.4 14 2.501 0.508
1847.4 90 6.424 0.57
1847.6 36 3.246 -0.129
1847.6 18 4.888 0.37
1847.6 14 2.528 0.503
1847.6 41 3.919 0.518
1847.6 90 6.4 0.571
1847.8 36 3.24 -0.129
1847.8 18 4.908 0.371
1847.8 14 2.548 0.496
1847.8 41 3.904 0.524
1847.8 90 6.329 0.571
1848 36 3.24 -0.129
1848 18 4.916 0.371
1848 14 2.57 0.488
1848 41 3.888 0.53
1848 90 6.4 0.571
1848.3 36 3.243 -0.129
1848.3 18 4.897 0.37
1848.3 14 2.613 0.475
1848.3 41 3.868 0.536
1848.3 90 6.329 0.571
1848.5 36 3.244 -0.129
1848.5 18 4.908 0.371
1848.5 14 2.636 0.467
1848.5 41 3.817 0.544
1848.7 36 3.242 -0.129
1848.7 18 4.897 0.37
1848.7 14 2.659 0.457
1848.7 41 3.817 0.544
1849 18 4.916 0.371
1849 41 3.768 0.558
1849.2 41 3.72 0.564
1849.4 18 4.908 0.369
1849.4 41 3.681 0.568
1849.6 18 4.907 0.371
1849.6 41 3.674 0.572
1849.9 14 2.708 0.397
1850.1 18 4.833 0.365
1850.1 14 2.707 0.388
1850.3 14 2.702 0.379
1850.5 14 2.7 0.37
1850.5 90 6.329 0.571
1850.8 14 2.687 0.359
1850.8 90 6.329 0.571
1851 14 2.674 0.352
1851 90 6.364 0.571
1851.2 14 2.648 0.346
1851.2 90 6.364 0.571
1851.4 14 2.623 0.341
1851.4 90 6.329 0.571
1851.6 14 2.597 0.338
1851.6 90 6.329 0.571
1851.9 14 2.588 0.335
1851.9 90 6.329 0.571
1852.1 14 2.588 0.335
1852.1 90 6.329 0.571
1852.3 14 2.589 0.335
1852.3 90 6.329 0.571
1852.5 14 2.589 0.335
1852.5 90 6.364 0.571
1852.8 90 6.364 0.571
1853 14 2.589 0.335
1853 90 6.364 0.571
1853.2 36 3.243 -0.129
1853.2 14 2.589 0.335
1853.2 18 5.001 0.372
1853.2 90 6.364 0.571
1853.4 90 6.364 0.571
1853.7 90 6.376 0.571
1853.9 14 2.551 0.333
1853.9 90 6.364 0.571
1854.1 14 2.522 0.332
1854.1 90 6.329 0.571
1854.3 90 6.329 0.571
1854.5 14 2.473 0.329
1854.5 90 6.357 0.57
1854.8 14 2.426 0.326
1854.8 90 6.329 0.571
1855 14 2.402 0.324
1855 90 6.329 0.571
1855.2 90 6.329 0.571
1855.4 14 2.344 0.321
1855.4 90 6.329 0.571
1856.1 14 2.191 0.32
1856.3 36 3.129 -0.212
1856.3 14 2.168 0.246
1856.3 9 3.973 0.552
1857.2 9 4.393 0.155
1857.2 41 3.065 0.332
1857.4 9 4.36 0.162
1857.4 41 3.005 0.341
1857.6 90 7.123 0.099
1857.6 25 1.288 0.518
1857.9 90 7.123 0.101
1857.9 25 1.247 0.528
1858.1 9 4.264 0.161
1858.1 25 1.211 0.539
1858.5 25 1.157 0.562
1858.7 41 2.634 0.369
1859 41 2.541 0.374
1859.2 41 2.485 0.378
1859.4 41 2.411 0.381
1865 16 3.045 0.467
1865.2 16 3.152 0.355
1865.4 16 3.202 0.236
1865.6 16 3.231 0.125
1865.8 16 3.231 0.006
1867.3 63 2.504 0.141
1867.6 63 2.463 -0.045
1868.8 45 3.303 0.178
1869 45 3.303 0.06
1869.9 36 2.751 0.453
1870.1 36 2.843 0.341
1870.3 36 2.887 0.223
1870.5 36 2.915 0.107
1870.7 36 2.887 -0.015
1871 36 2.842 -0.129
1875.9 16 2.92 0.566
1876.1 16 3.065 0.453
1876.3 16 3.162 0.332
1876.5 16 3.231 0.215
1876.7 16 3.258 0.094
1876.9 16 3.231 -0.024
1878.4 63 2.504 0.108
1879.7 45 3.267 0.283
1880.3 41 1.334 0.419
1880.5 41 1.35 0.33
1881.2 36 2.864 0.312
1881.4 36 2.904 0.195
1881.6 36 2.915 0.079
1881.8 36 2.887 -0.037
1882 36 2.832 -0.158
1886.2 61 2.859 0.068
1887.1 16 3.039 0.467
1887.3 16 3.162 0.351
1887.5 16 3.228 0.229
1887.7 16 3.245 0.116
1887.9 16 3.231 -0.005
1888.2 16 3.162 -0.181
1891.8 36 2.634 0.555
1892.3 36 2.871 0.275
1892.5 36 2.915 0.157
1892.7 36 2.915 0.037
1892.9 36 2.867 -0.079
1898.1 16 3.033 0.475
1898.4 16 3.162 0.349
1898.6 16 3.231 0.183
1898.8 16 3.231 0.066
1899.2 16 3.162 -0.172
1900.5 63 2.405 0.335
1900.7 63 2.38 0.322
1901 63 2.334 0.323
1901.2 63 2.311 0.327
1901.4 63 2.269 0.329
1901.6 63 2.246 0.35
1901.9 63 2.223 0.333
1902.1 63 2.159 0.346
1902.3 63 2.159 0.34
1902.5 63 2.11 0.349
1902.7 63 2.071 0.354
1903 63 2.046 0.358
1903.2 63 1.998 0.365
1903.4 63 1.963 0.368
1903.6 63 1.938 0.373
1903.9 63 1.913 0.38
1904.1 63 1.88 0.388
1904.5 63 1.804 0.409
1904.8 63 1.768 0.408
1905 63 1.768 0.329
1905.4 63 1.794 0.098
1905.7 63 1.773 -0.024
1907.2 63 1.54 0.112
1907.6 63 1.496 0.019
1908.5 63 1.367 0.15
1908.9 63 1.324 0.099
1918.7 25 2.592 0.104
1918.9 25 2.574 -0.011
1919.6 41 3.205 -0.085
1919.6 25 2.49 -0.043
1919.8 41 3.162 -0.095
1919.8 25 2.456 -0.046
1920 41 3.096 -0.1
1920.3 41 3.033 -0.114
1920.3 25 2.386 -0.047
1920.5 25 2.342 -0.051
1920.7 41 2.915 -0.138
1920.7 25 2.32 -0.05
1920.9 41 2.832 -0.147
1920.9 25 2.288 -0.049
1921.4 25 2.221 -0.048
1921.6 25 2.185 -0.049
1921.8 25 2.138 -0.045
1922.3 25 2.076 -0.053
1922.7 25 2.001 -0.058
1923.2 25 1.946 -0.057
1923.6 25 1.867 -0.057
1923.8 25 1.834 -0.063
1924.1 25 1.816 -0.05
1924.3 25 1.756 -0.073
1924.7 25 1.7 -0.059
1925.2 25 1.626 -0.066
1936.1 45 2.949 0.53
1936.3 45 2.931 0.526
1936.6 45 2.893 0.531
1938.3 36 2.504 0.568
1938.5 36 2.448 0.566
1938.7 36 2.428 0.568
1938.9 36 2.407 0.568
1939.2 36 2.386 0.572
1948 45 1.961 -0.034
1948.2 45 1.927 0.085
1948.4 45 1.835 0.27
1948.6 45 1.739 0.4
1948.8 45 1.635 0.527
1950.3 63 2.314 0.007
1950.5 63 2.263 0.117
1950.7 63 2.216 0.236
1950.9 63 2.119 0.357
1953.9 5 4.302 -0.009
1953.9 25 1.874 0.055
1954.1 5 4.264 0.004
1954.1 25 1.83 0.062
1954.3 72 4.754 -0.077
1954.5 25 1.772 0.073
1954.7 25 1.738 0.064
1955.4 72 4.602 -0.083
1955.6 72 4.53 -0.083
1956.3 72 4.46 -0.091
1956.3 25 1.516 0.079
1956.7 25 1.449 0.086
1957.1 25 1.38 0.076
1957.8 72 4.202 -0.103
1958.2 72 4.13 -0.109
1958.7 72 4.084 -0.111
1958.9 72 4.028 -0.112
1959.1 72 4.028 -0.104
1959.3 72 3.973 -0.118
1959.8 72 3.919 -0.118
1961.7 61 3.065 -0.215
1962.4 16 3.096 0.56
1962.6 16 3.231 0.46
1962.8 16 3.382 0.289
1963 16 3.455 0.172
1963.2 16 3.43 0.051
1963.4 16 3.418 -0.069
1963.6 16 3.34 -0.183
1964.3 63 2.314 0.47
1964.5 63 2.284 0.465
1964.7 63 2.246 0.468
1965.6 63 2.094 0.517
1965.8 63 2.067 0.517
1966.1 63 2.053 0.509
1968.5 16 2.754 -0.118
1968.7 16 2.734 0.013
1969 16 2.681 0.13
1969.2 16 2.615 0.246
1969.4 16 2.504 0.38
1969.6 16 2.314 0.536
1973.5 25 1.232 0.039
1974.6 36 3.379 -0.058
1975.3 36 3.162 0.294
1976.4 45 3.462 0.043
1976.8 45 3.418 0.066
1977.1 45 3.344 0.06
1977.3 45 3.322 0.059
1977.5 45 3.273 0.064
1977.8 45 3.267 0.072
1978 45 3.219 0.061
1978.7 45 3.129 0.062
1978.9 45 3.067 0.061
1979.1 45 3.038 0.06
1979.3 45 3.006 0.06
1979.6 45 2.977 -0.008
1980.4 36 2.532 0.491
1980.6 36 2.634 0.373
1980.9 36 2.705 0.256
1981.1 36 2.714 0.129
1981.5 36 2.634 -0.155
1987 61 2.915 -0.213
1988.3 61 2.697 -0.233
1999.9 16 1.897 0.523
2000.4 16 2.013 0.3
2000.6 16 2.034 0.186
2010.9 63 1.981 0.374
2011.1 63 2.024 0.259
2011.3 63 2.031 0.147
2011.5 45 4.028 0.487
2011.7 45 3.973 0.478
2012 45 3.973 0.484
2012.2 63 1.918 0.091
2012.4 45 3.919 0.487
2012.6 63 1.855 0.094
2012.8 45 3.817 0.495
2013 63 1.787 0.024
2013.9 45 4.084 0.139
2014.2 45 4.028 0.14
2014.4 45 3.982 0.139
2014.8 45 3.942 0.141
2015 45 3.919 0.143
2015.9 45 3.768 0.147
2016.2 45 3.738 0.146
2016.4 45 3.685 0.147
2016.6 45 3.689 0.148
2016.8 45 3.628 0.154
2017 45 3.6 0.152
2017.3 45 3.559 0.153
2017.5 45 3.525 0.151
2017.7 45 3.53 0.154
2017.9 45 3.458 0.155
2018.4 45 3.384 0.159
2018.6 45 3.392 0.162
2018.8 45 3.34 0.161
2019 45 3.303 0.161
2019.3 45 3.256 0.163
2019.5 45 3.246 0.165
2019.7 45 3.2 0.166
2019.9 45 3.162 0.169
2020.1 45 3.14 0.163
2024.2 16 1.915 0.572
2024.4 16 2.04 0.428
2024.7 16 2.153 0.273
2024.9 16 2.198 0.155
2025.1 16 2.214 0.007
2032 25 2.737 -0.019
2032.2 25 2.735 -0.022
2032.9 25 2.594 -0.032
2033.1 25 2.568 -0.037
2033.3 25 2.531 -0.038
2033.5 25 2.479 -0.037
2033.7 25 2.465 -0.042
2034 9 5.277 -0.212
2034 25 2.43 -0.038
2034.4 25 2.372 -0.041
2034.6 25 2.323 -0.056
2034.8 25 2.285 -0.059
2035.1 25 2.256 -0.046
2035.3 25 2.223 -0.046
2035.5 25 2.19 -0.05
2035.7 25 2.169 -0.057
2036.4 23 3.728 -0.009
2036.6 23 3.715 -0.018
2036.8 23 3.674 -0.022
2037.2 25 1.919 -0.061
2037.9 25 1.829 -0.047
2038.1 25 1.799 -0.066
2038.3 25 1.752 -0.07
2038.6 25 1.723 -0.075
2039 23 3.227 -0.143
2039.2 25 1.63 -0.058
2039.4 25 1.583 -0.06
2039.9 23 3.033 -0.202
2040.3 23 2.973 -0.23
2040.5 23 2.915 -0.25
2040.8 23 2.887 -0.261
2047.1 36 2.859 -0.14
2047.3 36 2.825 -0.021
2047.5 36 2.806 0.1
2047.7 36 2.73 0.224
2047.9 36 2.567 0.4
2048.6 5 1.183 0.108
2048.8 5 1.158 0.198
2050.3 63 2.657 -0.154
2050.5 63 2.601 -0.131
2051.3 63 2.483 -0.12
2051.6 63 2.453 -0.133
2051.8 63 2.417 -0.137
2052 63 2.386 -0.139
2052.2 63 2.35 -0.142
2052.8 63 2.263 0.059
2053.1 63 2.23 0.152
2053.3 63 2.185 0.224
2053.5 63 2.146 0.227
2053.9 63 2.071 0.241
2054.1 63 2.04 0.26
2054.6 63 1.975 0.257
2054.8 63 1.957 0.259
2055 63 1.914 0.268
2055.2 63 1.871 0.273
2055.5 63 1.838 0.275
2055.7 63 1.816 0.276
2055.9 63 1.776 0.281
2056.1 63 1.753 0.286
2056.3 63 1.704 0.293
2056.5 63 1.7 0.214
2056.8 63 1.691 0.104
2057 63 1.673 -0.009
2058.5 45 2.504 0.435
2058.7 45 2.556 0.323
2058.9 45 2.589 0.207
2059.3 45 2.567 -0.107
2060.2 5 1.806 0.447
2060.6 5 1.915 0.241
2060.8 5 1.951 0.148
2061 5 1.939 0.009
2061.2 36 2.859 -0.176
2062.3 25 1.647 0.485
2062.5 25 1.691 0.368
2062.9 25 1.718 0.094
2063.6 25 1.639 0.087
2063.8 25 1.591 0.203
2064 25 1.524 0.327
2064.4 25 1.492 0.269
2073.1 36 2.483 -0.127
2073.6 36 2.41 0.17
2073.8 36 2.327 0.298
2074 36 2.214 0.422
2074.8 45 3.162 -0.045
2075.3 45 3.033 0.207
2076.5 63 2.73 -0.089
2076.7 63 2.73 -0.038
2077 63 2.681 -0.028
2077.2 63 2.627 -0.016
2077.4 63 2.599 -0.018
2077.6 63 2.557 -0.018
2077.8 63 2.535 -0.018
2078.3 63 2.464 -0.02
2078.5 63 2.428 -0.02
2078.9 63 2.372 -0.023
2079.1 63 2.316 -0.026
2079.4 63 2.286 -0.025
2079.6 63 2.256 -0.025
2079.8 63 2.233 -0.026
2080.3 63 2.156 -0.03
2080.5 63 2.132 -0.032
2080.7 63 2.105 -0.033
2080.9 63 2.072 -0.032
2081.1 63 2.036 -0.032
2081.4 63 1.996 -0.035
2081.6 63 1.959 -0.037
2081.8 63 1.929 -0.039
2082 63 1.901 -0.025
2082.2 63 1.837 -0.133
2083.5 45 2.195 0.521
2084.1 45 2.357 0.191
2084.3 45 2.332 0.036
2084.6 45 2.317 -0.016
2085 45 2.263 -0.149
2086.3 36 2.546 0.315
2086.7 36 2.611 0.072
2086.9 36 2.567 -0.047
2089.3 25 1.556 0.477
2089.5 72 4.346 0.372
2089.7 72 4.336 0.375
2089.9 25 1.481 0.487
2090.4 72 4.264 0.385
2090.8 25 1.326 0.548
2091.2 72 4.147 0.389
2092.3 72 3.973 0.396
2093.9 14 3.761 0.302
2093.9 9 3.201 0.458
2094.3 14 3.711 0.311
2094.3 9 3.162 0.478
2094.5 14 3.674 0.313
2094.5 41 4.393 0.377
2094.7 14 3.645 0.316
2094.7 41 4.327 0.373
2095 14 3.584 0.317
2095 41 4.279 0.369
2095.2 14 3.584 0.324
2095.2 41 4.264 0.366
2095.4 14 3.514 0.326
2095.4 9 3.003 0.484
2095.6 18 3.628 0.109
2095.8 14 3.458 0.332
2095.8 9 2.915 0.51
2096 18 3.584 0.117
2096.3 14 3.379 0.338
2096.3 9 2.859 0.524
2096.9 9 2.973 0.327
2097.3 23 1.715 0.501
2097.6 14 3.34 0.122
2097.8 9 2.859 0.321
2098 14 3.267 0.132
2098.2 14 3.231 0.131
2098.2 9 2.803 0.323
2098.5 14 3.206 0.132
2098.5 9 2.765 0.324
2098.7 18 3.134 -0.123
2098.7 14 3.156 0.134
2098.7 9 2.73 0.332
2098.9 14 3.117 0.134
2098.9 9 2.685 0.335
2099.4 41 3.768 0.126
2099.4 7 7.307 0.368
2099.6 18 3.006 -0.131
2099.6 41 3.768 0.126
2099.6 14 3.018 0.138
2099.6 9 2.589 0.344
2099.6 7 7.123 0.368
2099.8 14 2.973 0.138
2099.8 9 2.548 0.349
